index,sell,buy,open,profit,pos_prof,time,pos
6,0,1,6920.1,0.0,0.0,20180401031500,1
7,1,0,6946.6,24.5,24.5,20180401033000,1
8,0,1,6934.3,34.80000000000018,10.300000000000182,20180401034500,1
9,0,1,6920.0,0.0,0.0,20180401040000,0
10,0,1,6944.3,0.0,0.0,20180401041500,0
16,0,1,6921.2,0.0,0.0,20180401054500,0
18,0,1,6888.1,0.0,0.0,20180401061500,0
19,0,1,6826.6,0.0,0.0,20180401063000,0
20,0,1,6830.0,0.0,0.0,20180401064500,0
21,0,1,6842.07,0.0,0.0,20180401070000,0
22,0,1,6779.5,0.0,0.0,20180401071500,0
23,0,1,6758.1,0.0,0.0,20180401073000,0
24,0,1,6716.4,0.0,0.0,20180401074500,0
25,0,1,6710.0,0.0,0.0,20180401080000,0
26,0,1,6699.5,0.0,0.0,20180401081500,0
27,0,1,6710.1,0.0,0.0,20180401083000,0
28,0,1,6695.0,0.0,0.0,20180401084500,0
29,0,1,6708.3,0.0,0.0,20180401090000,0
30,0,1,6660.0,0.0,0.0,20180401091500,0
31,0,1,6691.8,0.0,0.0,20180401093000,0
32,1,0,6716.6,-184.89999999999964,-219.69999999999982,20180401094500,1
33,1,0,6747.8,0.0,0.0,20180401100000,0
35,0,1,6669.8,-140.09999999999945,44.80000000000018,20180401103000,1
36,1,0,6699.9,-112.0,28.099999999999454,20180401104500,1
37,0,1,6706.0,-120.10000000000036,-8.100000000000364,20180401110000,1
38,0,1,6701.3,0.0,0.0,20180401111500,0
39,0,1,6649.3,0.0,0.0,20180401113000,0
40,1,0,6700.8,-127.30000000000018,-7.199999999999818,20180401114500,1
41,1,0,6689.9,0.0,0.0,20180401120000,0
42,1,0,6729.7,0.0,0.0,20180401121500,0
44,1,0,6700.1,0.0,0.0,20180401124500,0
45,1,0,6689.3,0.0,0.0,20180401130000,0
46,0,1,6660.0,-88.5,38.80000000000018,20180401131500,1
47,1,0,6529.6,-220.89999999999964,-132.39999999999964,20180401133000,1
48,1,0,6567.2,0.0,0.0,20180401134500,0
49,0,1,6544.1,-237.39999999999964,-16.5,20180401140000,1
50,0,1,6517.5,0.0,0.0,20180401141500,0
51,0,1,6469.8,0.0,0.0,20180401143000,0
52,1,0,6529.0,-254.5,-17.100000000000364,20180401144500,1
53,0,1,6506.09,-233.59000000000015,20.909999999999854,20180401150000,1
54,0,1,6503.6,0.0,0.0,20180401151500,0
55,0,1,6488.9,0.0,0.0,20180401153000,0
56,0,1,6470.1,0.0,0.0,20180401154500,0
57,0,1,6440.1,0.0,0.0,20180401160000,0
58,0,1,6795.2,0.0,0.0,20180401161500,0
59,0,1,6756.0,0.0,0.0,20180401163000,0
60,1,0,6804.1,62.42000000000007,296.0100000000002,20180401164500,1
61,1,0,6801.8,0.0,0.0,20180401170000,0
62,1,0,6819.7,0.0,0.0,20180401171500,0
64,0,1,6803.0,61.52000000000044,-0.8999999999996362,20180401174500,1
65,1,0,6829.7,86.22000000000025,24.699999999999818,20180401180000,1
66,1,0,6829.3,0.0,0.0,20180401181500,0
67,0,1,6768.0,145.92000000000007,59.69999999999982,20180401183000,1
68,1,0,6766.6,142.52000000000044,-3.399999999999636,20180401184500,1
69,1,0,6825.5,0.0,0.0,20180401190000,0
70,1,0,6934.5,0.0,0.0,20180401191500,0
71,1,0,6923.9,0.0,0.0,20180401193000,0
72,1,0,6932.9,0.0,0.0,20180401194500,0
73,1,0,6900.0,0.0,0.0,20180401200000,0
74,1,0,6899.1,0.0,0.0,20180401201500,0
75,1,0,6940.6,0.0,0.0,20180401203000,0
76,0,1,6900.0,7.1200000000008,-135.39999999999964,20180401204500,1
77,0,1,6882.3,0.0,0.0,20180401210000,0
78,1,0,6901.0,6.1200000000008,-1.0,20180401211500,1
79,0,1,6880.0,25.1200000000008,19.0,20180401213000,1
80,0,1,6815.0,0.0,0.0,20180401214500,0
81,0,1,6825.0,0.0,0.0,20180401220000,0
82,0,1,6810.03,0.0,0.0,20180401221500,0
83,0,1,6805.0,0.0,0.0,20180401223000,0
84,0,1,6777.5,0.0,0.0,20180401224500,0
85,0,1,6808.0,0.0,0.0,20180401230000,0
87,0,1,6805.5,0.0,0.0,20180401233000,0
89,0,1,6816.7,0.0,0.0,20180402000000,0
90,0,1,6770.1,0.0,0.0,20180402001500,0
92,0,1,6970.4,0.0,0.0,20180402004500,0
93,0,1,6999.8,0.0,0.0,20180402010000,0
94,1,0,7000.0,143.1200000000008,118.0,20180402011500,1
95,0,1,6977.7,163.42000000000098,20.300000000000182,20180402013000,1
96,0,1,6968.5,0.0,0.0,20180402014500,0
98,0,1,6915.0,0.0,0.0,20180402021500,0
99,1,0,6957.2,140.92000000000098,-22.5,20180402023000,1
100,1,0,6968.0,0.0,0.0,20180402024500,0
101,1,0,6978.0,0.0,0.0,20180402030000,0
103,0,1,6955.5,140.6200000000008,-0.3000000000001819,20180402033000,1
104,1,0,6958.8,141.92000000000098,1.300000000000182,20180402034500,1
107,1,0,6967.3,0.0,0.0,20180402043000,0
109,1,0,6885.9,0.0,0.0,20180402050000,0
110,1,0,6883.7,0.0,0.0,20180402051500,0
111,0,1,6889.2,209.52000000000135,67.60000000000036,20180402053000,1
112,1,0,6908.0,226.32000000000153,16.800000000000182,20180402054500,1
113,0,1,6904.9,227.4200000000019,1.1000000000003638,20180402060000,1
117,0,1,6889.2,0.0,0.0,20180402070000,0
119,1,0,6953.2,273.7200000000021,46.30000000000018,20180402073000,1
120,0,1,6945.8,279.1200000000017,5.399999999999636,20180402074500,1
121,1,0,7070.0,401.3200000000015,122.19999999999982,20180402080000,1
122,1,0,7047.0,0.0,0.0,20180402081500,0
123,0,1,7047.6,421.72000000000116,20.399999999999636,20180402083000,1
124,1,0,7049.0,421.1200000000008,-0.6000000000003638,20180402084500,1
125,1,0,7064.3,0.0,0.0,20180402090000,0
126,0,1,7049.81,418.3100000000004,-2.8100000000004,20180402091500,1
127,1,0,7061.4,427.89999999999964,9.589999999999236,20180402093000,1
130,0,1,7047.4,439.89999999999964,12.0,20180402101500,1
134,1,0,7100.4,490.89999999999964,51.0,20180402111500,1
136,0,1,7058.0,531.2999999999993,40.399999999999636,20180402114500,1
137,0,1,7041.8,0.0,0.0,20180402120000,0
138,0,1,7043.8,0.0,0.0,20180402121500,0
139,0,1,6990.0,0.0,0.0,20180402123000,0
140,0,1,7008.0,0.0,0.0,20180402124500,0
141,0,1,6996.7,0.0,0.0,20180402130000,0
142,0,1,7009.8,0.0,0.0,20180402131500,0
144,0,1,6979.9,0.0,0.0,20180402134500,0
146,0,1,6960.0,0.0,0.0,20180402141500,0
147,0,1,6923.2,0.0,0.0,20180402143000,0
148,0,1,6918.7,0.0,0.0,20180402144500,0
149,0,1,6918.0,0.0,0.0,20180402150000,0
150,1,0,6936.2,407.4999999999991,-123.80000000000018,20180402151500,1
152,1,0,7035.1,0.0,0.0,20180402154500,0
153,1,0,7027.4,0.0,0.0,20180402160000,0
155,1,0,7039.7,0.0,0.0,20180402163000,0
156,0,1,7000.8,340.8999999999987,-66.60000000000036,20180402164500,1
157,1,0,7017.1,355.1999999999989,14.300000000000182,20180402170000,1
158,0,1,6972.9,397.39999999999964,42.20000000000073,20180402171500,1
159,1,0,6990.02,412.52000000000044,15.1200000000008,20180402173000,1
160,0,1,6977.3,423.2400000000007,10.720000000000255,20180402174500,1
161,0,1,6984.6,0.0,0.0,20180402180000,0
162,0,1,6960.0,0.0,0.0,20180402181500,0
163,0,1,6970.4,0.0,0.0,20180402183000,0
171,0,1,6928.5,0.0,0.0,20180402203000,0
172,0,1,6919.0,0.0,0.0,20180402204500,0
173,1,0,6941.3,385.2400000000007,-38.0,20180402210000,1
174,1,0,6961.5,0.0,0.0,20180402211500,0
175,1,0,6990.3,0.0,0.0,20180402213000,0
177,0,1,6976.24,348.3000000000011,-36.9399999999996,20180402220000,1
178,1,0,6993.9,363.96000000000095,15.659999999999854,20180402221500,1
179,1,0,7015.7,0.0,0.0,20180402223000,0
181,1,0,7030.0,0.0,0.0,20180402230000,0
182,1,0,7052.8,0.0,0.0,20180402231500,0
184,1,0,7036.1,0.0,0.0,20180402234500,0
185,1,0,7053.4,0.0,0.0,20180403000000,0
192,0,1,7025.0,330.8600000000006,-33.100000000000364,20180403014500,1
194,1,0,7066.0,369.8600000000006,39.0,20180403021500,1
197,1,0,7188.1,0.0,0.0,20180403030000,0
198,1,0,7160.1,0.0,0.0,20180403031500,0
199,1,0,7159.3,0.0,0.0,20180403033000,0
200,1,0,7155.1,0.0,0.0,20180403034500,0
201,1,0,7182.0,0.0,0.0,20180403040000,0
202,1,0,7293.6,0.0,0.0,20180403041500,0
203,1,0,7269.0,0.0,0.0,20180403043000,0
204,1,0,7309.7,0.0,0.0,20180403044500,0
205,1,0,7363.3,0.0,0.0,20180403050000,0
206,1,0,7357.0,0.0,0.0,20180403051500,0
208,0,1,7316.2,117.66000000000076,-252.19999999999982,20180403054500,1
209,1,0,7334.4,133.86000000000058,16.199999999999818,20180403060000,1
210,0,1,7329.5,136.76000000000022,2.899999999999636,20180403061500,1
211,1,0,7351.1,156.36000000000058,19.600000000000364,20180403063000,1
217,1,0,7393.4,0.0,0.0,20180403080000,0
218,1,0,7384.8,0.0,0.0,20180403081600,0
219,1,0,7398.1,0.0,0.0,20180403083000,0
221,0,1,7345.9,159.5600000000013,3.2000000000007276,20180403090000,1
222,0,1,7350.0,0.0,0.0,20180403091600,0
228,0,1,7298.9,0.0,0.0,20180403104500,0
229,1,0,7303.1,114.76000000000204,-44.79999999999927,20180403110000,1
230,0,1,7327.2,88.66000000000258,-26.099999999999454,20180403111500,1
231,1,0,7319.0,78.46000000000276,-10.199999999999818,20180403113000,1
232,0,1,7308.0,87.46000000000276,9.0,20180403114500,1
235,1,0,7367.4,144.8600000000024,57.399999999999636,20180403123000,1
237,1,0,7365.0,0.0,0.0,20180403130000,0
238,1,0,7410.1,0.0,0.0,20180403131500,0
239,0,1,7378.0,132.26000000000204,-12.600000000000364,20180403133000,1
240,0,1,7316.0,0.0,0.0,20180403134500,0
241,1,0,7337.01,89.27000000000226,-42.98999999999978,20180403140000,1
242,0,1,7343.9,80.38000000000284,-8.889999999999418,20180403141500,1
243,1,0,7313.3,47.78000000000338,-32.599999999999454,20180403143000,1
244,0,1,7319.4,39.68000000000393,-8.099999999999454,20180403144500,1
248,1,0,7379.7,97.98000000000411,58.30000000000018,20180403154500,1
251,1,0,7425.1,0.0,0.0,20180403163000,0
252,1,0,7410.4,0.0,0.0,20180403164500,0
259,1,0,7434.0,0.0,0.0,20180403183000,0
260,1,0,7469.0,0.0,0.0,20180403184500,0
261,1,0,7473.74,0.0,0.0,20180403190000,0
262,1,0,7474.9,0.0,0.0,20180403191500,0
263,1,0,7487.2,0.0,0.0,20180403193000,0
268,0,1,7400.6,75.08000000000357,-22.900000000000546,20180403204500,1
269,0,1,7403.4,0.0,0.0,20180403210000,0
270,0,1,7384.9,0.0,0.0,20180403211500,0
271,1,0,7411.4,83.88000000000284,8.799999999999272,20180403213000,1
272,1,0,7424.4,0.0,0.0,20180403214500,0
274,0,1,7388.1,105.18000000000211,21.299999999999272,20180403221500,1
275,0,1,7399.8,0.0,0.0,20180403223000,0
277,0,1,7391.7,0.0,0.0,20180403230000,0
283,0,1,7383.3,0.0,0.0,20180404003000,0
287,0,1,7334.1,0.0,0.0,20180404013000,0
288,0,1,7310.0,0.0,0.0,20180404014500,0
289,1,0,7326.1,41.18000000000211,-64.0,20180404020000,1
290,0,1,7299.0,66.28000000000247,25.100000000000364,20180404021500,1
291,0,1,7314.9,0.0,0.0,20180404023000,0
292,0,1,7278.5,0.0,0.0,20180404024500,0
293,0,1,7283.7,0.0,0.0,20180404030000,0
302,1,0,7367.5,132.78000000000247,66.5,20180404051500,1
303,1,0,7382.4,0.0,0.0,20180404053000,0
305,1,0,7358.7,0.0,0.0,20180404060000,0
306,1,0,7348.0,0.0,0.0,20180404061500,0
313,0,1,7316.8,181.4800000000023,48.69999999999982,20180404080000,1
314,0,1,7321.3,0.0,0.0,20180404081500,0
315,0,1,7330.8,0.0,0.0,20180404083000,0
316,0,1,7324.8,0.0,0.0,20180404084500,0
317,0,1,7310.0,0.0,0.0,20180404090000,0
318,0,1,7268.0,0.0,0.0,20180404091500,0
319,1,0,7143.0,5.68000000000211,-175.80000000000018,20180404093000,1
320,0,1,7148.9,-2.219999999997526,-7.899999999999636,20180404094500,1
321,0,1,7089.5,0.0,0.0,20180404100000,0
322,0,1,7060.1,0.0,0.0,20180404101500,0
323,1,0,7118.0,-35.11999999999716,-32.899999999999636,20180404103000,1
324,0,1,7107.0,-26.119999999997162,9.0,20180404104500,1
325,0,1,7099.0,0.0,0.0,20180404110000,0
326,0,1,7058.4,0.0,0.0,20180404111500,0
327,0,1,7055.3,0.0,0.0,20180404113000,0
328,0,1,7031.1,0.0,0.0,20180404114500,0
329,0,1,7066.4,0.0,0.0,20180404120000,0
330,1,0,7069.9,-65.21999999999753,-39.100000000000364,20180404121500,1
331,0,1,7032.7,-30.019999999997708,35.19999999999982,20180404123000,1
332,0,1,7035.6,0.0,0.0,20180404124500,0
333,1,0,7061.2,-3.519999999997708,26.5,20180404130000,1
336,1,0,7094.0,0.0,0.0,20180404134500,0
338,1,0,6918.7,0.0,0.0,20180404141500,0
339,1,0,6880.7,0.0,0.0,20180404143000,0
340,1,0,6877.1,0.0,0.0,20180404144500,0
341,1,0,6869.4,0.0,0.0,20180404150000,0
342,0,1,6867.9,187.78000000000247,191.30000000000018,20180404151500,1
343,0,1,6889.1,0.0,0.0,20180404153000,0
344,0,1,6884.5,0.0,0.0,20180404154500,0
345,0,1,6789.0,0.0,0.0,20180404160000,0
346,0,1,6849.0,0.0,0.0,20180404161500,0
347,0,1,6860.4,0.0,0.0,20180404163000,0
348,1,0,6909.0,226.88000000000284,39.100000000000364,20180404164500,1
349,0,1,6887.6,246.28000000000247,19.399999999999636,20180404170000,1
350,0,1,6878.0,0.0,0.0,20180404171500,0
351,1,0,6824.8,181.4800000000023,-64.80000000000018,20180404173000,1
352,1,0,6860.0,0.0,0.0,20180404174500,0
353,0,1,6839.9,164.38000000000284,-17.099999999999454,20180404180000,1
354,1,0,6733.7,56.18000000000302,-108.19999999999982,20180404181500,1
355,1,0,6781.5,0.0,0.0,20180404183000,0
356,0,1,6804.0,-16.119999999997162,-72.30000000000018,20180404184500,1
357,1,0,6843.3,21.18000000000302,37.30000000000018,20180404190000,1
358,0,1,6810.0,52.4800000000032,31.300000000000182,20180404191500,1
359,0,1,6808.8,0.0,0.0,20180404193000,0
360,1,0,6857.8,98.28000000000338,45.80000000000018,20180404194500,1
361,0,1,6855.5,98.58000000000357,0.3000000000001819,20180404200000,1
362,1,0,6889.9,130.9800000000032,32.399999999999636,20180404201500,1
363,1,0,6882.4,0.0,0.0,20180404203000,0
364,1,0,6873.0,0.0,0.0,20180404204500,0
365,0,1,6826.2,192.68000000000302,61.69999999999982,20180404210000,1
366,1,0,6848.0,212.4800000000032,19.800000000000182,20180404211500,1
367,0,1,6786.9,271.58000000000357,59.100000000000364,20180404213000,1
368,1,0,6794.2,276.88000000000375,5.300000000000182,20180404214500,1
369,0,1,6816.3,252.78000000000338,-24.100000000000364,20180404220000,1
370,0,1,6805.1,0.0,0.0,20180404221500,0
371,0,1,6796.8,0.0,0.0,20180404223000,0
372,0,1,6741.44,0.0,0.0,20180404224500,0
373,0,1,6748.9,0.0,0.0,20180404230000,0
374,0,1,6735.7,0.0,0.0,20180404231500,0
375,0,1,6759.5,0.0,0.0,20180404233000,0
376,1,0,6817.0,251.4800000000032,-1.300000000000182,20180404234500,1
377,0,1,6785.9,280.58000000000357,29.100000000000364,20180405000000,1
378,1,0,6784.6,277.2800000000043,-3.2999999999992724,20180405001500,1
379,1,0,6814.9,0.0,0.0,20180405003000,0
380,0,1,6745.9,313.980000000005,36.70000000000073,20180405004500,1
381,0,1,6695.0,0.0,0.0,20180405010000,0
382,1,0,6693.94,260.020000000005,-53.960000000000036,20180405011500,1
383,0,1,6590.1,361.8600000000042,101.83999999999924,20180405013000,1
384,0,1,6608.0,0.0,0.0,20180405014500,0
385,1,0,6608.0,377.76000000000386,15.899999999999636,20180405020000,1
386,0,1,6614.3,369.4600000000037,-8.300000000000182,20180405021500,1
387,1,0,6637.8,390.9600000000037,21.5,20180405023000,1
388,0,1,6596.2,430.56000000000404,39.600000000000364,20180405024500,1
389,0,1,6607.0,0.0,0.0,20180405030000,0
390,1,0,6614.0,446.3600000000042,15.800000000000182,20180405031500,1
391,0,1,6592.7,465.6600000000044,19.300000000000182,20180405033000,1
393,1,0,6762.6,633.560000000005,167.90000000000055,20180405040000,1
394,1,0,6812.5,0.0,0.0,20180405041500,0
395,1,0,6821.9,0.0,0.0,20180405043000,0
396,1,0,6806.0,0.0,0.0,20180405044500,0
397,0,1,6781.3,612.8600000000051,-20.699999999999818,20180405050000,1
399,1,0,6804.3,633.8600000000051,21.0,20180405053000,1
400,0,1,6774.7,661.4600000000055,27.600000000000364,20180405054500,1
401,1,0,6848.9,733.6600000000053,72.19999999999982,20180405060000,1
402,1,0,6827.9,0.0,0.0,20180405061500,0
403,0,1,6785.4,795.1600000000053,61.5,20180405063000,1
404,0,1,6794.9,0.0,0.0,20180405064500,0
405,0,1,6740.1,0.0,0.0,20180405070000,0
406,1,0,6759.7,767.4600000000055,-27.699999999999818,20180405071500,1
407,1,0,6791.6,0.0,0.0,20180405073000,0
408,1,0,6803.1,0.0,0.0,20180405074500,0
410,1,0,6845.3,0.0,0.0,20180405081500,0
411,1,0,6833.4,0.0,0.0,20180405083000,0
412,1,0,6890.0,0.0,0.0,20180405084500,0
413,1,0,6860.0,0.0,0.0,20180405090000,0
414,0,1,6844.1,681.060000000005,-86.40000000000055,20180405091500,1
415,1,0,6841.2,676.1600000000044,-4.900000000000546,20180405093000,1
416,1,0,6869.0,0.0,0.0,20180405094500,0
417,0,1,6842.0,673.3600000000042,-2.800000000000182,20180405100000,1
418,0,1,6782.44,0.0,0.0,20180405101500,0
419,0,1,6759.1,0.0,0.0,20180405103000,0
420,1,0,6787.3,616.6600000000044,-56.69999999999982,20180405104500,1
421,0,1,6788.1,613.8600000000042,-2.800000000000182,20180405110000,1
422,0,1,6778.6,0.0,0.0,20180405111500,0
424,0,1,6777.2,0.0,0.0,20180405114500,0
426,1,0,6687.0,510.76000000000386,-103.10000000000036,20180405121500,1
427,0,1,6670.2,525.560000000004,14.800000000000182,20180405123000,1
428,0,1,6660.0,0.0,0.0,20180405124500,0
429,0,1,6655.9,0.0,0.0,20180405130000,0
430,0,1,6638.0,0.0,0.0,20180405131500,0
431,0,1,6657.4,0.0,0.0,20180405133000,0
432,1,0,6799.7,653.060000000004,127.5,20180405134500,1
433,1,0,6836.9,0.0,0.0,20180405140000,0
434,1,0,6911.3,0.0,0.0,20180405141500,0
435,0,1,6847.7,603.060000000004,-50.0,20180405143000,1
436,1,0,6819.0,572.3600000000042,-30.699999999999818,20180405144500,1
437,0,1,6758.0,631.3600000000042,59.0,20180405150000,1
438,1,0,6748.9,620.2600000000039,-11.100000000000364,20180405151500,1
439,1,0,6731.9,0.0,0.0,20180405153000,0
440,1,0,6754.9,0.0,0.0,20180405154500,0
441,0,1,6739.0,628.1600000000035,7.899999999999636,20180405160000,1
442,0,1,6687.5,0.0,0.0,20180405161500,0
443,0,1,6691.2,0.0,0.0,20180405163000,0
444,1,0,6739.1,626.2600000000039,-1.8999999999996362,20180405164500,1
445,0,1,6706.4,656.9600000000046,30.700000000000728,20180405170000,1
446,0,1,6700.0,0.0,0.0,20180405171500,0
447,1,0,6751.3,699.8600000000051,42.900000000000546,20180405173000,1
448,0,1,6675.5,773.6600000000053,73.80000000000018,20180405174500,1
449,0,1,6692.6,0.0,0.0,20180405180000,0
450,1,0,6712.4,808.560000000005,34.899999999999636,20180405181500,1
454,0,1,6715.1,803.8600000000042,-4.700000000000728,20180405191500,1
456,1,0,6776.7,863.4600000000037,59.599999999999454,20180405194500,1
457,1,0,6763.1,0.0,0.0,20180405200000,0
458,1,0,6766.6,0.0,0.0,20180405201500,0
459,1,0,6773.7,0.0,0.0,20180405203000,0
462,0,1,6698.2,939.9600000000037,76.5,20180405211500,1
463,0,1,6719.6,0.0,0.0,20180405213000,0
464,0,1,6728.5,0.0,0.0,20180405214500,0
465,0,1,6719.7,0.0,0.0,20180405220000,0
468,1,0,6784.8,1024.560000000004,84.60000000000036,20180405224500,1
469,1,0,6823.2,0.0,0.0,20180405230000,0
470,1,0,6801.7,0.0,0.0,20180405231500,0
471,1,0,6800.0,0.0,0.0,20180405233000,0
472,1,0,6804.9,0.0,0.0,20180405234500,0
473,0,1,6770.4,1036.9600000000046,12.400000000000546,20180406000000,1
474,1,0,6785.1,1049.6600000000053,12.700000000000728,20180406001500,1
475,1,0,6813.1,0.0,0.0,20180406003000,0
478,1,0,6802.2,0.0,0.0,20180406011500,0
479,1,0,6785.6,0.0,0.0,20180406013000,0
483,0,1,6733.6,1099.1600000000053,49.5,20180406023000,1
484,0,1,6759.9,0.0,0.0,20180406024500,0
485,0,1,6765.0,0.0,0.0,20180406030000,0
486,0,1,6751.9,0.0,0.0,20180406031500,0
487,0,1,6742.8,0.0,0.0,20180406033000,0
494,1,0,6796.4,1159.9600000000046,60.79999999999927,20180406051500,1
498,1,0,6644.0,0.0,0.0,20180406061500,0
499,1,0,6519.9,0.0,0.0,20180406063000,0
500,1,0,6558.9,0.0,0.0,20180406064500,0
501,1,0,6577.1,0.0,0.0,20180406070000,0
503,1,0,6598.7,0.0,0.0,20180406073000,0
504,0,1,6572.5,1381.8600000000042,221.89999999999964,20180406074500,1
505,1,0,6619.3,1426.6600000000044,44.80000000000018,20180406080000,1
506,1,0,6611.9,0.0,0.0,20180406081500,0
507,0,1,6577.31,1466.6500000000042,39.98999999999978,20180406083000,1
508,1,0,6587.3,1474.640000000004,7.989999999999782,20180406084500,1
510,0,1,6581.8,1478.140000000004,3.5,20180406091500,1
511,0,1,6547.6,0.0,0.0,20180406093000,0
517,1,0,6502.1,1396.4400000000041,-81.69999999999982,20180406110000,1
518,1,0,6633.1,0.0,0.0,20180406111500,0
519,1,0,6612.0,0.0,0.0,20180406113000,0
520,0,1,6600.0,1296.5400000000045,-99.89999999999964,20180406114500,1
521,1,0,6609.8,1304.3400000000047,7.800000000000182,20180406120000,1
522,1,0,6576.6,0.0,0.0,20180406121500,0
523,0,1,6560.0,1352.1400000000049,47.80000000000018,20180406123000,1
531,1,0,6617.3,1407.440000000005,55.30000000000018,20180406143000,1
542,1,0,6598.1,0.0,0.0,20180406171500,0
565,0,1,6529.8,1492.940000000005,85.5,20180406230000,1
566,1,0,6600.0,1561.1400000000049,68.19999999999982,20180406231500,1
567,1,0,6598.9,0.0,0.0,20180406233000,0
568,1,0,6601.54,0.0,0.0,20180406234500,0
570,1,0,6607.2,0.0,0.0,20180407001500,0
574,0,1,6799.8,1359.3400000000047,-201.80000000000018,20180407011500,1
575,0,1,6787.2,0.0,0.0,20180407013000,0
576,1,0,6880.0,1437.5400000000045,78.19999999999982,20180407014500,1
577,1,0,6847.1,0.0,0.0,20180407020000,0
578,1,0,6841.0,0.0,0.0,20180407021500,0
581,0,1,6830.5,1485.0400000000045,47.5,20180407030000,1
582,0,1,6833.1,0.0,0.0,20180407031500,0
607,0,1,6839.1,0.0,0.0,20180407093000,0
609,0,1,6854.2,0.0,0.0,20180407100000,0
610,0,1,6847.7,0.0,0.0,20180407101500,0
631,1,0,6986.6,1639.1400000000049,154.10000000000036,20180407153000,1
632,1,0,6980.4,0.0,0.0,20180407154500,0
633,1,0,7003.7,0.0,0.0,20180407160000,0
634,1,0,7040.5,0.0,0.0,20180407161500,0
635,1,0,7036.9,0.0,0.0,20180407163000,0
637,1,0,7034.2,0.0,0.0,20180407170000,0
638,1,0,7024.4,0.0,0.0,20180407171500,0
643,0,1,6985.9,1637.8400000000056,-1.2999999999992724,20180407183000,1
644,0,1,6973.8,0.0,0.0,20180407184500,0
654,1,0,6986.0,1635.940000000006,-1.8999999999996362,20180407211500,1
656,0,1,6954.2,1665.7400000000061,29.800000000000182,20180407214500,1
659,0,1,6965.3,0.0,0.0,20180407223000,0
660,0,1,6930.3,0.0,0.0,20180407224500,0
661,0,1,6932.7,0.0,0.0,20180407230000,0
662,0,1,6913.3,0.0,0.0,20180407231500,0
663,0,1,6883.1,0.0,0.0,20180407233000,0
664,0,1,6889.9,0.0,0.0,20180407234500,0
665,0,1,6892.62,0.0,0.0,20180408000000,0
666,1,0,6912.2,1621.7400000000061,-44.0,20180408001500,1
667,1,0,6947.2,0.0,0.0,20180408003000,0
668,1,0,6962.2,0.0,0.0,20180408004500,0
670,0,1,6939.9,1592.0400000000063,-29.699999999999818,20180408011500,1
673,1,0,6939.0,1589.1400000000067,-2.899999999999636,20180408020000,1
681,1,0,6966.3,0.0,0.0,20180408040000,0
683,1,0,6984.0,0.0,0.0,20180408043000,0
687,1,0,6947.0,0.0,0.0,20180408053000,0
688,0,1,6932.2,1593.9400000000069,4.800000000000182,20180408054500,1
689,0,1,6945.5,0.0,0.0,20180408060000,0
692,0,1,6903.8,0.0,0.0,20180408064500,0
693,0,1,6924.0,0.0,0.0,20180408070000,0
695,1,0,6953.0,1612.740000000007,18.800000000000182,20180408073000,1
697,1,0,6937.2,0.0,0.0,20180408080000,0
712,1,0,7024.9,0.0,0.0,20180408114500,0
713,1,0,7104.5,0.0,0.0,20180408120000,0
714,1,0,7088.3,0.0,0.0,20180408121500,0
715,1,0,7099.9,0.0,0.0,20180408123000,0
716,1,0,7082.8,0.0,0.0,20180408124500,0
717,1,0,7081.6,0.0,0.0,20180408130000,0
724,0,1,7045.1,1518.6400000000067,-94.10000000000036,20180408144500,1
725,0,1,7031.9,0.0,0.0,20180408150000,0
730,0,1,7013.9,0.0,0.0,20180408161500,0
731,0,1,7007.0,0.0,0.0,20180408163000,0
732,0,1,7004.7,0.0,0.0,20180408164500,0
733,0,1,6986.8,0.0,0.0,20180408170000,0
734,0,1,6965.9,0.0,0.0,20180408171500,0
735,0,1,6973.4,0.0,0.0,20180408173000,0
738,0,1,6959.9,0.0,0.0,20180408181500,0
739,1,0,7006.9,1478.440000000006,-40.20000000000073,20180408183000,1
740,1,0,7011.4,0.0,0.0,20180408184500,0
743,1,0,7002.8,0.0,0.0,20180408193000,0
747,0,1,6972.2,1511.1400000000058,32.69999999999982,20180408203000,1
748,0,1,6954.8,0.0,0.0,20180408204500,0
749,0,1,6955.0,0.0,0.0,20180408210000,0
754,1,0,7030.0,1566.940000000006,55.80000000000018,20180408221500,1
755,1,0,7036.6,0.0,0.0,20180408223000,0
756,1,0,7051.0,0.0,0.0,20180408224500,0
764,1,0,7100.0,0.0,0.0,20180409004500,0
765,0,1,7059.1,1535.8400000000056,-31.100000000000364,20180409010000,1
766,1,0,7082.7,1557.440000000005,21.599999999999454,20180409011500,1
767,1,0,7101.1,0.0,0.0,20180409013000,0
768,1,0,7115.9,0.0,0.0,20180409014500,0
769,1,0,7124.0,0.0,0.0,20180409020000,0
770,1,0,7140.0,0.0,0.0,20180409021500,0
771,1,0,7153.1,0.0,0.0,20180409023000,0
774,0,1,7080.3,1557.8400000000047,0.3999999999996362,20180409031500,1
775,1,0,7111.1,1586.6400000000049,28.800000000000182,20180409033000,1
776,0,1,7109.3,1586.440000000005,-0.1999999999998181,20180409034500,1
777,1,0,7125.4,1600.5400000000045,14.099999999999454,20180409040000,1
779,1,0,7160.0,0.0,0.0,20180409043000,0
780,1,0,7134.0,0.0,0.0,20180409044500,0
781,1,0,7150.0,0.0,0.0,20180409050000,0
782,1,0,7131.1,0.0,0.0,20180409051500,0
783,0,1,7115.1,1608.8400000000038,8.299999999999272,20180409053000,1
786,0,1,7101.0,0.0,0.0,20180409061500,0
797,1,0,7179.0,1670.7400000000034,61.899999999999636,20180409090000,1
798,0,1,7138.8,1708.9400000000032,38.19999999999982,20180409091500,1
799,0,1,7106.8,0.0,0.0,20180409093000,0
800,0,1,7082.9,0.0,0.0,20180409094500,0
801,1,0,7072.5,1640.640000000003,-68.30000000000018,20180409100000,1
802,0,1,7013.8,1697.3400000000029,56.69999999999982,20180409101500,1
803,1,0,6772.2,1453.7400000000025,-243.60000000000036,20180409103000,1
804,1,0,6815.0,0.0,0.0,20180409104500,0
805,0,1,6781.0,1442.9400000000023,-10.800000000000182,20180409110000,1
806,0,1,6750.3,0.0,0.0,20180409111500,0
807,0,1,6758.8,0.0,0.0,20180409113000,0
808,0,1,6760.0,0.0,0.0,20180409114500,0
809,0,1,6739.8,0.0,0.0,20180409120000,0
810,0,1,6745.0,0.0,0.0,20180409121500,0
811,0,1,6733.1,0.0,0.0,20180409123000,0
812,0,1,6709.2,0.0,0.0,20180409124500,0
818,0,1,6693.91,0.0,0.0,20180409141500,0
819,0,1,6700.0,0.0,0.0,20180409143000,0
823,1,0,6752.7,1412.6400000000021,-30.300000000000182,20180409153000,1
824,1,0,6757.9,0.0,0.0,20180409154500,0
826,1,0,6741.1,0.0,0.0,20180409161500,0
828,0,1,6722.3,1441.0400000000018,28.399999999999636,20180409164500,1
831,0,1,6710.0,0.0,0.0,20180409173000,0
840,1,0,6669.4,1386.1400000000012,-54.900000000000546,20180409194500,1
841,0,1,6673.7,1379.840000000001,-6.300000000000182,20180409200000,1
842,0,1,6619.0,0.0,0.0,20180409201500,0
843,0,1,6648.0,0.0,0.0,20180409203000,0
844,1,0,6670.0,1374.1400000000012,-5.699999999999818,20180409204500,1
845,0,1,6666.7,1375.4400000000014,1.300000000000182,20180409210000,1
847,0,1,6678.0,0.0,0.0,20180409213000,0
848,1,0,6715.9,1422.6400000000012,47.19999999999982,20180409214500,1
849,1,0,6716.5,0.0,0.0,20180409220000,0
852,1,0,6703.4,0.0,0.0,20180409224500,0
857,1,0,6770.1,0.0,0.0,20180410000000,0
858,1,0,6754.3,0.0,0.0,20180410001500,0
859,1,0,6761.0,0.0,0.0,20180410003000,0
860,1,0,6765.1,0.0,0.0,20180410004500,0
862,0,1,6732.6,1403.9400000000005,-18.700000000000728,20180410011500,1
863,0,1,6717.0,0.0,0.0,20180410013000,0
865,0,1,6725.1,0.0,0.0,20180410020000,0
873,1,0,6795.0,1464.3400000000001,60.399999999999636,20180410040000,1
878,0,1,6747.1,1510.2399999999998,45.899999999999636,20180410051500,1
879,0,1,6741.9,0.0,0.0,20180410053000,0
884,0,1,6737.1,0.0,0.0,20180410064500,0
885,0,1,6700.0,0.0,0.0,20180410070000,0
886,0,1,6724.0,0.0,0.0,20180410071500,0
887,0,1,6729.0,0.0,0.0,20180410073000,0
888,0,1,6711.6,0.0,0.0,20180410074500,0
890,0,1,6706.2,0.0,0.0,20180410081500,0
891,0,1,6684.0,0.0,0.0,20180410083000,0
894,1,0,6734.22,1495.3599999999997,-14.88000000000011,20180410091500,1
896,1,0,6740.2,0.0,0.0,20180410094500,0
897,1,0,6777.4,0.0,0.0,20180410100000,0
898,0,1,6721.4,1506.1800000000003,10.820000000000618,20180410101500,1
900,0,1,6723.0,0.0,0.0,20180410104500,0
901,0,1,6720.2,0.0,0.0,20180410110000,0
902,0,1,6715.5,0.0,0.0,20180410111500,0
912,1,0,6762.27,1545.050000000001,38.8700000000008,20180410134500,1
918,1,0,6811.9,0.0,0.0,20180410151500,0
919,1,0,6850.3,0.0,0.0,20180410153000,0
920,1,0,6824.64,0.0,0.0,20180410154500,0
921,1,0,6815.5,0.0,0.0,20180410160000,0
922,1,0,6820.0,0.0,0.0,20180410161500,0
924,1,0,6824.0,0.0,0.0,20180410164500,0
929,1,0,6859.5,0.0,0.0,20180410180000,0
938,0,1,6811.3,1494.0200000000013,-51.029999999999745,20180410201500,1
948,1,0,6843.31,1524.0300000000016,30.01000000000022,20180410224500,1
949,0,1,6799.7,1565.6400000000021,41.61000000000058,20180410230000,1
950,1,0,6803.0,1566.9400000000023,1.300000000000182,20180410231500,1
951,0,1,6800.0,1567.9400000000023,1.0,20180410233000,1
956,1,0,6861.5,1627.4400000000023,59.5,20180411004500,1
977,0,1,6816.7,1670.2400000000025,42.80000000000018,20180411060000,1
978,0,1,6806.8,0.0,0.0,20180411061500,0
979,0,1,6814.0,0.0,0.0,20180411063000,0
995,0,1,6827.2,0.0,0.0,20180411110000,0
997,0,1,6833.5,0.0,0.0,20180411113000,0
1004,1,0,6908.1,1759.640000000003,89.40000000000055,20180411131500,1
1005,1,0,6924.9,0.0,0.0,20180411133000,0
1006,1,0,6950.5,0.0,0.0,20180411134500,0
1007,1,0,6937.9,0.0,0.0,20180411140000,0
1008,1,0,6940.0,0.0,0.0,20180411141500,0
1009,1,0,6947.11,0.0,0.0,20180411143000,0
1022,0,1,6886.0,1779.7400000000034,20.100000000000364,20180411174500,1
1025,0,1,6892.2,0.0,0.0,20180411183000,0
1036,0,1,6884.8,0.0,0.0,20180411211500,0
1053,0,1,6906.5,0.0,0.0,20180412013000,0
1074,0,1,6910.0,0.0,0.0,20180412064500,0
1075,1,0,6776.1,1667.8400000000038,-111.89999999999964,20180412070000,1
1076,1,0,6819.0,0.0,0.0,20180412071500,0
1077,0,1,6807.3,1634.640000000004,-33.19999999999982,20180412073000,1
1078,1,0,6843.7,1669.0400000000036,34.399999999999636,20180412074500,1
1079,0,1,6828.3,1682.4400000000032,13.399999999999636,20180412080000,1
1082,0,1,6833.3,0.0,0.0,20180412084500,0
1090,1,0,6909.5,1761.640000000003,79.19999999999982,20180412104500,1
1091,1,0,6941.1,0.0,0.0,20180412110000,0
1092,0,1,7317.6,1351.5400000000027,-410.10000000000036,20180412111500,1
1093,0,1,7641.2,0.0,0.0,20180412113000,0
1094,1,0,7876.7,1908.6400000000021,557.0999999999995,20180412114500,1
1095,1,0,7769.5,0.0,0.0,20180412120000,0
1096,0,1,7729.8,2053.540000000002,144.89999999999964,20180412121500,1
1098,0,1,7750.0,0.0,0.0,20180412124500,0
1099,0,1,7712.9,0.0,0.0,20180412130000,0
1100,1,0,7675.5,1997.2400000000016,-56.30000000000018,20180412131500,1
1101,1,0,7708.5,0.0,0.0,20180412133000,0
1102,1,0,7736.2,0.0,0.0,20180412134500,0
1103,0,1,7695.9,1974.840000000002,-22.399999999999636,20180412140000,1
1104,1,0,7730.5,2007.4400000000023,32.600000000000364,20180412141500,1
1105,1,0,7704.9,0.0,0.0,20180412143000,0
1106,0,1,7672.3,2063.640000000002,56.19999999999982,20180412144500,1
1107,1,0,7665.8,2055.140000000002,-8.5,20180412150000,1
1108,0,1,7653.0,2065.9400000000023,10.800000000000182,20180412151500,1
1109,0,1,7624.1,0.0,0.0,20180412153000,0
1110,0,1,7657.7,0.0,0.0,20180412154500,0
1111,0,1,7640.2,0.0,0.0,20180412160000,0
1112,0,1,7650.2,0.0,0.0,20180412161500,0
1113,0,1,7625.0,0.0,0.0,20180412163000,0
1114,0,1,7625.3,0.0,0.0,20180412164500,0
1116,1,0,7707.23,2118.170000000002,52.22999999999956,20180412171500,1
1117,1,0,7709.0,0.0,0.0,20180412173000,0
1118,1,0,7695.6,0.0,0.0,20180412174500,0
1119,1,0,7694.9,0.0,0.0,20180412180000,0
1122,0,1,7665.8,2157.6000000000013,39.42999999999938,20180412184500,1
1127,0,1,7689.9,0.0,0.0,20180412200000,0
1128,1,0,7721.6,2211.4000000000015,53.80000000000018,20180412201500,1
1129,0,1,7708.7,2222.300000000002,10.900000000000546,20180412203000,1
1130,1,0,7745.3,2256.9000000000024,34.600000000000364,20180412204500,1
1133,0,1,7890.0,2110.2000000000025,-146.69999999999982,20180412213000,1
1134,0,1,7859.8,0.0,0.0,20180412214500,0
1135,0,1,7835.9,0.0,0.0,20180412220000,0
1136,0,1,7806.0,0.0,0.0,20180412221500,0
1137,0,1,7801.9,0.0,0.0,20180412223000,0
1138,0,1,7814.9,0.0,0.0,20180412224500,0
1139,1,0,7873.4,2091.600000000002,-18.600000000000364,20180412230000,1
1140,0,1,7847.6,2115.4000000000015,23.799999999999272,20180412231500,1
1141,1,0,7877.9,2143.7000000000007,28.299999999999272,20180412233000,1
1142,1,0,7895.7,0.0,0.0,20180412234500,0
1143,1,0,7911.9,0.0,0.0,20180413000000,0
1144,1,0,7941.8,0.0,0.0,20180413001500,0
1145,1,0,7951.7,0.0,0.0,20180413003000,0
1146,0,1,7860.0,2159.6000000000004,15.899999999999636,20180413004500,1
1147,1,0,7898.9,2196.5,36.899999999999636,20180413010000,1
1148,0,1,7883.9,2209.5,13.0,20180413011500,1
1149,0,1,7838.5,0.0,0.0,20180413013000,0
1150,0,1,7777.8,0.0,0.0,20180413014500,0
1151,1,0,7796.2,2119.8,-89.69999999999982,20180413020000,1
1152,1,0,7858.1,0.0,0.0,20180413021500,0
1153,1,0,7840.7,0.0,0.0,20180413023000,0
1154,1,0,7870.6,0.0,0.0,20180413024500,0
1155,1,0,7885.5,0.0,0.0,20180413030000,0
1156,0,1,7858.5,2055.5,-64.30000000000018,20180413031500,1
1158,1,0,7860.0,2055.0,-0.5,20180413034500,1
1159,0,1,7823.8,2089.2,34.19999999999982,20180413040000,1
1160,0,1,7810.8,0.0,0.0,20180413041500,0
1163,0,1,7825.0,0.0,0.0,20180413050000,0
1165,0,1,7780.0,0.0,0.0,20180413053000,0
1167,0,1,7795.1,0.0,0.0,20180413060000,0
1168,1,0,7855.8,2119.2,30.0,20180413061500,1
1172,1,0,7866.8,0.0,0.0,20180413071500,0
1173,1,0,7936.7,0.0,0.0,20180413073000,0
1174,1,0,7962.7,0.0,0.0,20180413074500,0
1175,1,0,8102.1,0.0,0.0,20180413080000,0
1176,1,0,8099.9,0.0,0.0,20180413081500,0
1177,1,0,8082.4,0.0,0.0,20180413083000,0
1178,1,0,8100.7,0.0,0.0,20180413084500,0
1179,1,0,8135.1,0.0,0.0,20180413090000,0
1180,0,1,8106.7,1866.3000000000002,-252.89999999999964,20180413091500,1
1181,1,0,8125.1,1882.7000000000007,16.400000000000546,20180413093000,1
1182,1,0,8108.7,0.0,0.0,20180413094500,0
1183,0,1,8050.96,1954.840000000001,72.14000000000033,20180413100000,1
1184,1,0,8054.4,1956.2800000000007,1.4399999999995998,20180413101500,1
1185,0,1,8049.9,1958.7800000000007,2.5,20180413103000,1
1186,1,0,8089.4,1996.2800000000007,37.5,20180413104500,1
1187,0,1,8063.4,2020.2800000000007,24.0,20180413110000,1
1189,1,0,8104.2,2059.080000000001,38.80000000000018,20180413113000,1
1190,1,0,8120.4,0.0,0.0,20180413114500,0
1192,1,0,8104.5,0.0,0.0,20180413121500,0
1194,1,0,8187.1,0.0,0.0,20180413124500,0
1195,1,0,8190.0,0.0,0.0,20180413130000,0
1197,1,0,8187.4,0.0,0.0,20180413133000,0
1198,0,1,8133.1,2028.1800000000003,-30.900000000000546,20180413134500,1
1199,1,0,8098.8,1991.88,-36.30000000000018,20180413140000,1
1200,0,1,8067.2,2021.4800000000005,29.600000000000364,20180413141500,1
1201,1,0,8064.8,2017.0800000000008,-4.399999999999636,20180413143000,1
1202,1,0,8103.9,0.0,0.0,20180413144500,0
1203,1,0,8099.8,0.0,0.0,20180413150000,0
1204,0,1,8074.0,2005.880000000001,-11.199999999999818,20180413151500,1
1205,0,1,8093.1,0.0,0.0,20180413153000,0
1206,0,1,8081.7,0.0,0.0,20180413154500,0
1207,1,0,8129.0,2058.880000000001,53.0,20180413160000,1
1210,1,0,8113.9,0.0,0.0,20180413164500,0
1211,1,0,8117.7,0.0,0.0,20180413170000,0
1212,0,1,8088.5,2097.380000000001,38.5,20180413171500,1
1221,0,1,8088.9,0.0,0.0,20180413193000,0
1225,0,1,8067.0,0.0,0.0,20180413203000,0
1226,1,0,7893.1,1899.9800000000014,-197.39999999999964,20180413204500,1
1227,1,0,7908.9,0.0,0.0,20180413210000,0
1228,0,1,7854.9,1936.180000000002,36.20000000000073,20180413211500,1
1229,0,1,7894.9,0.0,0.0,20180413213000,0
1230,0,1,7882.1,0.0,0.0,20180413214500,0
1231,0,1,7887.6,0.0,0.0,20180413220000,0
1232,0,1,7831.0,0.0,0.0,20180413221500,0
1233,0,1,7827.0,0.0,0.0,20180413223000,0
1234,0,1,7835.1,0.0,0.0,20180413224500,0
1235,1,0,7920.6,1999.8800000000028,63.70000000000073,20180413230000,1
1236,1,0,7952.9,0.0,0.0,20180413231500,0
1237,1,0,7956.1,0.0,0.0,20180413233000,0
1238,0,1,7924.6,1993.8800000000028,-6.0,20180413234500,1
1239,0,1,7889.2,0.0,0.0,20180414000000,0
1240,0,1,7846.7,0.0,0.0,20180414001500,0
1241,1,0,7874.8,1942.0800000000027,-51.80000000000018,20180414003000,1
1242,0,1,7869.7,1945.180000000003,3.100000000000364,20180414004500,1
1243,1,0,7924.0,1997.4800000000032,52.30000000000018,20180414010000,1
1244,1,0,7929.3,0.0,0.0,20180414011500,0
1245,1,0,7988.9,0.0,0.0,20180414013000,0
1246,1,0,8043.9,0.0,0.0,20180414014500,0
1247,1,0,8050.0,0.0,0.0,20180414020000,0
1248,1,0,8034.9,0.0,0.0,20180414021500,0
1249,1,0,8059.1,0.0,0.0,20180414023000,0
1250,1,0,8058.1,0.0,0.0,20180414024500,0
1254,0,1,8024.5,1894.9800000000032,-102.5,20180414034500,1
1259,0,1,7967.6,0.0,0.0,20180414050000,0
1261,0,1,8002.8,0.0,0.0,20180414053000,0
1262,0,1,7985.9,0.0,0.0,20180414054500,0
1263,0,1,7958.8,0.0,0.0,20180414060000,0
1269,1,0,8130.4,1998.8800000000028,103.89999999999964,20180414073000,1
1270,1,0,8152.7,0.0,0.0,20180414074500,0
1271,1,0,8138.1,0.0,0.0,20180414080000,0
1272,1,0,8149.0,0.0,0.0,20180414081500,0
1273,1,0,8125.1,0.0,0.0,20180414083000,0
1276,0,1,8072.1,2055.180000000002,56.29999999999927,20180414091500,1
1278,0,1,8026.6,0.0,0.0,20180414094500,0
1279,0,1,8036.0,0.0,0.0,20180414100000,0
1280,0,1,8032.3,0.0,0.0,20180414101500,0
1281,0,1,8021.8,0.0,0.0,20180414103000,0
1282,0,1,7985.1,0.0,0.0,20180414104500,0
1283,0,1,7949.5,0.0,0.0,20180414110000,0
1284,0,1,7989.0,0.0,0.0,20180414111500,0
1285,1,0,8004.3,1985.380000000002,-69.80000000000018,20180414113000,1
1286,0,1,7983.9,2003.7800000000025,18.400000000000546,20180414114500,1
1287,0,1,7973.6,0.0,0.0,20180414120000,0
1288,0,1,7961.6,0.0,0.0,20180414121500,0
1289,0,1,7940.1,0.0,0.0,20180414123000,0
1290,0,1,7890.6,0.0,0.0,20180414124500,0
1291,0,1,7900.2,0.0,0.0,20180414130000,0
1292,1,0,7926.8,1944.680000000003,-59.099999999999454,20180414131500,1
1293,1,0,7945.4,0.0,0.0,20180414133000,0
1295,1,0,7966.9,0.0,0.0,20180414140000,0
1296,1,0,7958.2,0.0,0.0,20180414141500,0
1299,1,0,7979.9,0.0,0.0,20180414150000,0
1300,0,1,7973.08,1896.4000000000033,-48.279999999999745,20180414151500,1
1301,1,0,7980.2,1901.5200000000032,5.119999999999891,20180414153000,1
1304,0,1,7929.9,1949.8200000000033,48.30000000000018,20180414161500,1
1307,1,0,7998.3,2016.220000000004,66.40000000000055,20180414170000,1
1309,1,0,7970.6,0.0,0.0,20180414173000,0
1310,1,0,7946.9,0.0,0.0,20180414174500,0
1315,1,0,8031.4,0.0,0.0,20180414190000,0
1316,1,0,8020.9,0.0,0.0,20180414191500,0
1319,1,0,8019.8,0.0,0.0,20180414200000,0
1321,1,0,8056.2,0.0,0.0,20180414203000,0
1322,1,0,8069.8,0.0,0.0,20180414204500,0
1323,1,0,8073.6,0.0,0.0,20180414210000,0
1334,0,1,7990.3,2022.220000000004,6.0,20180414234500,1
1335,0,1,8007.14,0.0,0.0,20180415000000,0
1336,1,0,8108.9,2138.8200000000033,116.59999999999945,20180415001500,1
1337,0,1,8080.5,2165.220000000003,26.399999999999636,20180415003000,1
1339,0,1,8060.2,0.0,0.0,20180415010000,0
1340,1,0,8084.9,2167.6200000000026,2.399999999999636,20180415011500,1
1341,1,0,8102.5,0.0,0.0,20180415013000,0
1342,1,0,8093.8,0.0,0.0,20180415014500,0
1343,1,0,8107.2,0.0,0.0,20180415020000,0
1364,0,1,8093.9,2156.6200000000026,-11.0,20180415071500,1
1367,0,1,8078.71,0.0,0.0,20180415080000,0
1370,1,0,8161.0,2221.720000000003,65.10000000000036,20180415084500,1
1371,0,1,8134.1,2246.6200000000026,24.899999999999636,20180415090000,1
1372,0,1,8088.4,0.0,0.0,20180415091500,0
1373,1,0,8116.1,2226.6200000000026,-20.0,20180415093000,1
1374,1,0,8125.0,0.0,0.0,20180415094500,0
1375,0,1,8116.8,2223.920000000003,-2.699999999999818,20180415100000,1
1380,0,1,8333.1,0.0,0.0,20180415111500,0
1382,0,1,8348.4,0.0,0.0,20180415114500,0
1383,0,1,8340.0,0.0,0.0,20180415120000,0
1384,1,0,8340.8,2445.920000000002,221.9999999999991,20180415121500,1
1385,0,1,8336.9,2447.8200000000015,1.8999999999996362,20180415123000,1
1386,1,0,8347.3,2456.220000000001,8.399999999999636,20180415124500,1
1387,0,1,8341.5,2460.0200000000004,3.7999999999992724,20180415130000,1
1388,1,0,8343.6,2460.120000000001,0.1000000000003638,20180415131500,1
1397,0,1,8290.0,2511.720000000001,51.600000000000364,20180415153000,1
1398,0,1,8269.7,0.0,0.0,20180415154500,0
1399,0,1,8280.4,0.0,0.0,20180415160000,0
1401,0,1,8278.1,0.0,0.0,20180415163000,0
1402,0,1,8276.0,0.0,0.0,20180415164500,0
1404,0,1,8265.9,0.0,0.0,20180415171500,0
1433,1,0,8396.0,2615.720000000001,104.0,20180416003000,1
1434,1,0,8385.1,0.0,0.0,20180416004500,0
1438,0,1,8349.4,2660.3200000000015,44.600000000000364,20180416014500,1
1439,0,1,8330.0,0.0,0.0,20180416020000,0
1440,1,0,8105.6,2414.5200000000023,-245.79999999999927,20180416021500,1
1441,1,0,8149.7,0.0,0.0,20180416023000,0
1442,1,0,8148.0,0.0,0.0,20180416024500,0
1443,0,1,8131.0,2387.1200000000026,-27.399999999999636,20180416030000,1
1444,1,0,8154.3,2408.420000000003,21.300000000000182,20180416031500,1
1445,1,0,8167.0,0.0,0.0,20180416033000,0
1446,0,1,8149.9,2410.8200000000033,2.4000000000005457,20180416034500,1
1447,0,1,8149.0,0.0,0.0,20180416040000,0
1448,0,1,8149.4,0.0,0.0,20180416041500,0
1450,0,1,8128.9,0.0,0.0,20180416044500,0
1452,0,1,8110.0,0.0,0.0,20180416051500,0
1453,0,1,8058.5,0.0,0.0,20180416053000,0
1454,1,0,8057.7,2316.6200000000035,-94.19999999999982,20180416054500,1
1455,0,1,8045.7,2326.6200000000035,10.0,20180416060000,1
1456,0,1,8057.8,0.0,0.0,20180416061500,0
1457,0,1,8054.5,0.0,0.0,20180416063000,0
1460,0,1,8080.0,0.0,0.0,20180416071500,0
1461,0,1,8070.1,0.0,0.0,20180416073000,0
1469,0,1,8074.2,0.0,0.0,20180416093000,0
1470,0,1,8064.1,0.0,0.0,20180416094500,0
1475,1,0,8070.0,2348.9200000000037,22.300000000000182,20180416110000,1
1477,0,1,8066.32,2350.600000000004,1.680000000000291,20180416113000,1
1480,0,1,8050.1,0.0,0.0,20180416121500,0
1482,0,1,7974.1,0.0,0.0,20180416124500,0
1483,0,1,7948.1,0.0,0.0,20180416130000,0
1484,0,1,7945.0,0.0,0.0,20180416131500,0
1485,0,1,7929.1,0.0,0.0,20180416133000,0
1486,0,1,7945.9,0.0,0.0,20180416134500,0
1487,1,0,7964.2,2246.480000000004,-104.11999999999989,20180416140000,1
1488,0,1,7925.6,2283.0800000000036,36.599999999999454,20180416141500,1
1490,1,0,7984.1,2339.5800000000036,56.5,20180416144500,1
1493,1,0,7977.8,0.0,0.0,20180416153000,0
1496,0,1,7940.0,2381.680000000004,42.100000000000364,20180416161500,1
1502,1,0,8051.6,2491.2800000000043,109.60000000000036,20180416174500,1
1503,1,0,8029.5,0.0,0.0,20180416180000,0
1505,1,0,8014.9,0.0,0.0,20180416183000,0
1511,0,1,7984.4,2556.480000000005,65.20000000000073,20180416200000,1
1512,0,1,7959.8,0.0,0.0,20180416201500,0
1514,0,1,7986.5,0.0,0.0,20180416204500,0
1515,0,1,7982.5,0.0,0.0,20180416210000,0
1526,1,0,8053.3,2623.3800000000056,66.90000000000055,20180416234500,1
1529,1,0,8056.7,0.0,0.0,20180417003000,0
1534,0,1,8027.7,2646.980000000006,23.600000000000364,20180417014500,1
1537,0,1,7986.9,0.0,0.0,20180417023000,0
1540,1,0,8041.0,2658.280000000006,11.300000000000182,20180417031500,1
1542,0,1,8012.2,2685.0800000000063,26.800000000000182,20180417034500,1
1544,0,1,8013.7,0.0,0.0,20180417041500,0
1545,0,1,7998.9,0.0,0.0,20180417043000,0
1551,0,1,7974.78,0.0,0.0,20180417060000,0
1556,1,0,8135.5,2806.3800000000065,121.30000000000018,20180417071500,1
1557,1,0,8127.3,0.0,0.0,20180417073000,0
1559,1,0,8126.0,0.0,0.0,20180417080000,0
1560,1,0,8144.0,0.0,0.0,20180417081500,0
1561,1,0,8135.9,0.0,0.0,20180417083000,0
1568,0,1,8101.9,2837.980000000007,31.600000000000364,20180417101500,1
1569,0,1,8096.9,0.0,0.0,20180417103000,0
1570,0,1,8102.98,0.0,0.0,20180417104500,0
1571,0,1,8089.0,0.0,0.0,20180417110000,0
1573,0,1,8089.1,0.0,0.0,20180417113000,0
1578,1,0,8145.1,2879.1800000000076,41.20000000000073,20180417124500,1
1579,0,1,8093.0,2929.280000000008,50.100000000000364,20180417130000,1
1580,0,1,8081.8,0.0,0.0,20180417131500,0
1581,1,0,8093.5,2927.780000000008,-1.5,20180417133000,1
1582,0,1,8096.1,2923.1800000000076,-4.600000000000364,20180417134500,1
1583,0,1,8095.1,0.0,0.0,20180417140000,0
1603,1,0,7938.3,2763.3800000000074,-159.80000000000018,20180417190000,1
1604,0,1,7879.9,2819.780000000008,56.400000000000546,20180417191500,1
1605,1,0,7871.8,2809.6800000000085,-10.099999999999454,20180417193000,1
1606,1,0,7879.3,0.0,0.0,20180417194500,0
1607,0,1,7879.0,2800.4800000000087,-9.199999999999818,20180417200000,1
1608,0,1,7874.7,0.0,0.0,20180417201500,0
1609,0,1,7889.6,0.0,0.0,20180417203000,0
1610,1,0,7921.3,2840.780000000009,40.30000000000018,20180417204500,1
1611,0,1,7910.0,2850.080000000009,9.300000000000182,20180417210000,1
1612,0,1,7899.9,0.0,0.0,20180417211500,0
1613,1,0,7927.84,2865.920000000009,15.840000000000146,20180417213000,1
1618,0,1,7887.3,2904.460000000009,38.539999999999964,20180417224500,1
1629,1,0,7948.0,2963.160000000009,58.69999999999982,20180418013000,1
1635,0,1,7907.2,3001.960000000009,38.80000000000018,20180418030000,1
1642,1,0,7916.3,3009.0600000000095,7.100000000000364,20180418044500,1
1651,0,1,8140.0,2783.3600000000097,-225.69999999999982,20180418070000,1
1652,0,1,8118.0,0.0,0.0,20180418071500,0
1653,0,1,8112.7,0.0,0.0,20180418073000,0
1654,0,1,8103.4,0.0,0.0,20180418074500,0
1655,1,0,8115.2,2756.5600000000095,-26.800000000000182,20180418080000,1
1656,0,1,8113.6,2756.160000000009,-0.4000000000005457,20180418081500,1
1658,0,1,8087.7,0.0,0.0,20180418084500,0
1683,1,0,7964.4,2604.960000000008,-151.20000000000073,20180418150000,1
1684,1,0,7990.5,0.0,0.0,20180418151500,0
1685,0,1,7985.0,2582.360000000008,-22.600000000000364,20180418153000,1
1686,0,1,7997.2,0.0,0.0,20180418154500,0
1687,0,1,7989.9,0.0,0.0,20180418160000,0
1688,0,1,8019.9,0.0,0.0,20180418161500,0
1690,1,0,8150.7,2746.0600000000077,163.69999999999982,20180418164500,1
1691,1,0,8116.8,0.0,0.0,20180418170000,0
1692,0,1,8120.7,2774.0600000000077,28.0,20180418171500,1
1693,1,0,8117.3,2768.660000000008,-5.399999999999636,20180418173000,1
1694,1,0,8117.5,0.0,0.0,20180418174500,0
1696,1,0,8119.5,0.0,0.0,20180418181500,0
1705,1,0,8210.0,0.0,0.0,20180418203000,0
1706,1,0,8185.2,0.0,0.0,20180418204500,0
1707,1,0,8190.4,0.0,0.0,20180418210000,0
1708,1,0,8180.0,0.0,0.0,20180418211500,0
1709,1,0,8178.0,0.0,0.0,20180418213000,0
1710,1,0,8184.19,0.0,0.0,20180418214500,0
1711,1,0,8199.4,0.0,0.0,20180418220000,0
1721,0,1,8133.6,2750.360000000008,-18.300000000000182,20180419003000,1
1722,0,1,8138.9,0.0,0.0,20180419004500,0
1724,0,1,8137.2,0.0,0.0,20180419011500,0
1725,0,1,8130.0,0.0,0.0,20180419013000,0
1726,1,0,8193.4,2808.160000000007,57.79999999999927,20180419014500,1
1727,1,0,8188.5,0.0,0.0,20180419020000,0
1728,1,0,8186.8,0.0,0.0,20180419021500,0
1729,1,0,8180.7,0.0,0.0,20180419023000,0
1730,1,0,8208.7,0.0,0.0,20180419024500,0
1736,0,1,8170.0,2829.5600000000068,21.399999999999636,20180419041500,1
1737,0,1,8164.0,0.0,0.0,20180419043000,0
1738,0,1,8154.5,0.0,0.0,20180419044500,0
1750,0,1,8167.5,0.0,0.0,20180419074500,0
1752,1,0,8165.0,2822.5600000000068,-7.0,20180419081500,1
1758,1,0,8218.5,0.0,0.0,20180419094500,0
1759,1,0,8223.0,0.0,0.0,20180419100000,0
1760,1,0,8226.1,0.0,0.0,20180419101500,0
1761,1,0,8232.0,0.0,0.0,20180419103000,0
1786,1,0,8249.95,0.0,0.0,20180419164500,0
1787,1,0,8237.5,0.0,0.0,20180419170000,0
1792,1,0,8277.5,0.0,0.0,20180419181500,0
1793,1,0,8248.3,0.0,0.0,20180419183000,0
1796,0,1,8245.48,2740.080000000007,-82.47999999999956,20180419191500,1
1800,0,1,8221.6,0.0,0.0,20180419201500,0
1816,1,0,8358.9,2851.5000000000073,111.42000000000007,20180420001500,1
1817,1,0,8359.4,0.0,0.0,20180420003000,0
1819,1,0,8346.9,0.0,0.0,20180420010000,0
1820,1,0,8329.8,0.0,0.0,20180420011500,0
1822,1,0,8358.1,0.0,0.0,20180420014500,0
1823,1,0,8357.2,0.0,0.0,20180420020000,0
1824,1,0,8359.3,0.0,0.0,20180420021500,0
1826,0,1,8319.5,2888.900000000007,37.399999999999636,20180420024500,1
1827,0,1,8323.0,0.0,0.0,20180420030000,0
1832,0,1,8292.2,0.0,0.0,20180420041500,0
1833,0,1,8284.7,0.0,0.0,20180420043000,0
1834,0,1,8275.1,0.0,0.0,20180420044500,0
1835,0,1,8257.76,0.0,0.0,20180420050000,0
1836,0,1,8269.96,0.0,0.0,20180420051500,0
1844,1,0,8340.0,2907.400000000007,18.5,20180420071500,1
1845,1,0,8340.3,0.0,0.0,20180420073000,0
1846,1,0,8349.4,0.0,0.0,20180420074500,0
1848,1,0,8347.1,0.0,0.0,20180420081500,0
1851,0,1,8300.8,2944.6000000000076,37.20000000000073,20180420090000,1
1852,0,1,8299.3,0.0,0.0,20180420091500,0
1858,1,0,8513.3,3155.1000000000076,210.5,20180420104500,1
1859,1,0,8505.1,0.0,0.0,20180420110000,0
1860,0,1,8502.5,3163.900000000007,8.799999999999272,20180420111500,1
1861,1,0,8512.9,3172.3000000000065,8.399999999999636,20180420113000,1
1862,1,0,8511.5,0.0,0.0,20180420114500,0
1863,0,1,8515.0,3168.200000000006,-4.100000000000364,20180420120000,1
1864,1,0,8536.0,3187.200000000006,19.0,20180420121500,1
1865,1,0,8545.6,0.0,0.0,20180420123000,0
1870,0,1,8486.0,3235.200000000006,48.0,20180420134500,1
1876,0,1,8476.9,0.0,0.0,20180420151500,0
1884,1,0,8520.2,3267.400000000007,32.20000000000073,20180420171500,1
1905,1,0,8721.5,0.0,0.0,20180420223000,0
1906,1,0,8771.1,0.0,0.0,20180420224500,0
1907,1,0,8843.8,0.0,0.0,20180420230000,0
1908,1,0,8843.8,0.0,0.0,20180420231500,0
1909,0,1,8825.87,2959.730000000007,-307.6700000000001,20180420233000,1
1910,1,0,8842.3,2974.1600000000053,14.429999999998472,20180420234500,1
1911,1,0,8863.3,0.0,0.0,20180421000000,0
1912,0,1,8852.3,2962.1600000000053,-12.0,20180421001500,1
1913,0,1,8840.5,0.0,0.0,20180421003000,0
1916,0,1,8790.0,0.0,0.0,20180421011500,0
1917,0,1,8800.2,0.0,0.0,20180421013000,0
1922,1,0,8841.5,2949.360000000006,-12.799999999999272,20180421024500,1
1923,1,0,8850.1,0.0,0.0,20180421030000,0
1938,1,0,8917.2,0.0,0.0,20180421064500,0
1940,1,0,8960.8,0.0,0.0,20180421071500,0
1941,1,0,9030.0,0.0,0.0,20180421073000,0
1942,0,1,8921.1,2867.7600000000057,-81.60000000000036,20180421074500,1
1943,0,1,8875.3,0.0,0.0,20180421080000,0
1944,0,1,8833.0,0.0,0.0,20180421081500,0
1945,1,0,8792.8,2737.4600000000046,-130.3000000000011,20180421083000,1
1946,1,0,8789.0,0.0,0.0,20180421084500,0
1947,1,0,8807.0,0.0,0.0,20180421090000,0
1948,0,1,8800.4,2727.860000000004,-9.600000000000364,20180421091500,1
1949,0,1,8764.8,0.0,0.0,20180421093000,0
1950,0,1,8712.2,0.0,0.0,20180421094500,0
1951,0,1,8721.9,0.0,0.0,20180421100000,0
1952,0,1,8740.0,0.0,0.0,20180421101500,0
1953,1,0,8748.1,2673.560000000005,-54.29999999999927,20180421103000,1
1954,0,1,8701.0,2718.6600000000053,45.100000000000364,20180421104500,1
1955,0,1,8720.3,0.0,0.0,20180421110000,0
1956,0,1,8664.3,0.0,0.0,20180421111500,0
1957,0,1,8621.3,0.0,0.0,20180421113000,0
1958,1,0,8671.9,2687.560000000005,-31.100000000000364,20180421114500,1
1959,1,0,8720.2,0.0,0.0,20180421120000,0
1960,0,1,8709.8,2647.6600000000053,-39.899999999999636,20180421121500,1
1961,1,0,8728.7,2664.5600000000068,16.900000000001455,20180421123000,1
1962,1,0,8764.1,0.0,0.0,20180421124500,0
1963,1,0,8757.3,0.0,0.0,20180421130000,0
1966,1,0,8736.8,0.0,0.0,20180421134500,0
1967,1,0,8755.6,0.0,0.0,20180421140000,0
1968,1,0,8770.0,0.0,0.0,20180421141500,0
1970,1,0,8766.0,0.0,0.0,20180421144500,0
1971,1,0,8743.0,0.0,0.0,20180421150000,0
1972,1,0,8782.6,0.0,0.0,20180421151500,0
1974,1,0,8808.3,0.0,0.0,20180421154500,0
1975,1,0,8818.3,0.0,0.0,20180421160000,0
1976,1,0,8828.0,0.0,0.0,20180421161500,0
1979,0,1,8762.8,2628.460000000008,-36.099999999998545,20180421170000,1
1980,1,0,8801.3,2664.960000000008,36.5,20180421171500,1
1981,0,1,8775.6,2688.660000000007,23.69999999999891,20180421173000,1
1982,0,1,8757.3,0.0,0.0,20180421174500,0
1984,0,1,8754.0,0.0,0.0,20180421181500,0
1989,1,0,8794.4,2705.4600000000064,16.799999999999272,20180421193000,1
1994,0,1,8723.9,2773.9600000000064,68.5,20180421204500,1
1996,0,1,8776.3,0.0,0.0,20180421211500,0
1997,1,0,8806.0,2854.0600000000068,80.10000000000036,20180421213000,1
1999,0,1,8788.1,2869.9600000000064,15.899999999999636,20180421220000,1
2000,1,0,8787.7,2867.5600000000068,-2.399999999999636,20180421221500,1
2007,1,0,8912.4,0.0,0.0,20180422000000,0
2008,1,0,8876.8,0.0,0.0,20180422001500,0
2011,0,1,8823.6,2829.660000000007,-37.899999999999636,20180422010000,1
2012,0,1,8819.3,0.0,0.0,20180422011500,0
2013,0,1,8820.2,0.0,0.0,20180422013000,0
2024,0,1,8807.5,0.0,0.0,20180422041500,0
2030,1,0,8856.29,2860.3500000000076,30.69000000000051,20180422054500,1
2036,1,0,8850.0,0.0,0.0,20180422071500,0
2038,1,0,8846.0,0.0,0.0,20180422074500,0
2040,1,0,8920.2,0.0,0.0,20180422081500,0
2041,1,0,8917.5,0.0,0.0,20180422083000,0
2042,1,0,8924.7,0.0,0.0,20180422084500,0
2043,1,0,8938.8,0.0,0.0,20180422090000,0
2047,1,0,8897.1,0.0,0.0,20180422100000,0
2053,1,0,8965.6,0.0,0.0,20180422113000,0
2054,1,0,9000.2,0.0,0.0,20180422114500,0
2055,0,1,8919.56,2795.080000000009,-65.26999999999862,20180422120000,1
2056,1,0,8820.7,2694.2200000000103,-100.85999999999876,20180422121500,1
2057,1,0,8858.9,0.0,0.0,20180422123000,0
2058,0,1,8857.6,2655.3200000000106,-38.899999999999636,20180422124500,1
2059,1,0,8852.1,2647.8200000000106,-7.5,20180422130000,1
2060,1,0,8869.9,0.0,0.0,20180422131500,0
2061,0,1,8887.3,2610.6200000000117,-37.19999999999891,20180422133000,1
2063,0,1,8871.5,0.0,0.0,20180422140000,0
2064,1,0,8928.0,2649.3200000000124,38.70000000000073,20180422141500,1
2065,1,0,8938.3,0.0,0.0,20180422143000,0
2067,1,0,8967.0,0.0,0.0,20180422150000,0
2068,1,0,8985.2,0.0,0.0,20180422151500,0
2073,0,1,8900.0,2675.3200000000124,26.0,20180422163000,1
2074,0,1,8885.8,0.0,0.0,20180422164500,0
2075,0,1,8918.4,0.0,0.0,20180422170000,0
2076,0,1,8914.8,0.0,0.0,20180422171500,0
2077,1,0,8929.3,2702.6200000000117,27.299999999999272,20180422173000,1
2084,0,1,8895.04,2734.88000000001,32.2599999999984,20180422191500,1
2086,0,1,8875.1,0.0,0.0,20180422194500,0
2087,0,1,8874.1,0.0,0.0,20180422200000,0
2090,0,1,8887.5,0.0,0.0,20180422204500,0
2097,0,1,8850.9,0.0,0.0,20180422223000,0
2098,0,1,8852.9,0.0,0.0,20180422224500,0
2099,0,1,8846.9,0.0,0.0,20180422230000,0
2100,0,1,8760.9,0.0,0.0,20180422231500,0
2101,0,1,8779.97,0.0,0.0,20180422233000,0
2102,0,1,8794.7,0.0,0.0,20180422234500,0
2103,0,1,8791.4,0.0,0.0,20180423000000,0
2104,0,1,8788.2,0.0,0.0,20180423001500,0
2105,0,1,8823.7,0.0,0.0,20180423003000,0
2108,1,0,8822.0,2659.8400000000092,-75.04000000000087,20180423011500,1
2109,1,0,8823.5,0.0,0.0,20180423013000,0
2111,1,0,8863.0,0.0,0.0,20180423020000,0
2114,1,0,8875.6,0.0,0.0,20180423024500,0
2122,0,1,8841.0,2638.8400000000092,-21.0,20180423044500,1
2130,1,0,8896.9,2692.740000000009,53.899999999999636,20180423064500,1
2132,1,0,8939.0,0.0,0.0,20180423071500,0
2133,1,0,8939.3,0.0,0.0,20180423073000,0
2134,1,0,8934.5,0.0,0.0,20180423074500,0
2135,1,0,8934.1,0.0,0.0,20180423080000,0
2140,0,1,8894.9,2692.740000000009,0.0,20180423091500,1
2141,0,1,8879.1,0.0,0.0,20180423093000,0
2142,0,1,8890.8,0.0,0.0,20180423094500,0
2153,1,0,8983.6,2779.4400000000096,86.70000000000073,20180423123000,1
2154,0,1,8925.1,2835.9400000000096,56.5,20180423124500,1
2155,1,0,8950.4,2859.240000000009,23.299999999999272,20180423130000,1
2156,1,0,8943.0,0.0,0.0,20180423131500,0
2160,0,1,8892.86,2914.780000000008,55.539999999999054,20180423141500,1
2161,0,1,8896.1,0.0,0.0,20180423143000,0
2166,0,1,8911.8,0.0,0.0,20180423154500,0
2173,0,1,8883.0,0.0,0.0,20180423173000,0
2183,0,1,8855.4,0.0,0.0,20180423200000,0
2187,1,0,8932.0,2951.9200000000073,37.13999999999942,20180423210000,1
2189,1,0,8924.4,0.0,0.0,20180423213000,0
2190,1,0,8920.9,0.0,0.0,20180423214500,0
2202,1,0,9175.8,0.0,0.0,20180424004500,0
2204,0,1,9166.2,2715.7200000000066,-236.20000000000073,20180424011500,1
2205,1,0,9172.2,2719.7200000000066,4.0,20180424013000,1
2206,1,0,9174.9,0.0,0.0,20180424014500,0
2207,0,1,9189.8,2700.120000000008,-19.599999999998545,20180424020000,1
2208,1,0,9231.0,2739.320000000009,39.20000000000073,20180424021500,1
2209,0,1,9186.0,2782.320000000009,43.0,20180424023000,1
2210,1,0,9186.5,2780.820000000009,-1.5,20180424024500,1
2219,1,0,9260.1,0.0,0.0,20180424050000,0
2222,1,0,9263.0,0.0,0.0,20180424054500,0
2224,1,0,9270.0,0.0,0.0,20180424061500,0
2226,1,0,9252.2,0.0,0.0,20180424064500,0
2228,0,1,9205.1,2760.2200000000084,-20.600000000000364,20180424071500,1
2242,1,0,9290.8,2843.9200000000073,83.69999999999891,20180424104500,1
2243,1,0,9302.5,0.0,0.0,20180424110000,0
2244,1,0,9329.4,0.0,0.0,20180424111500,0
2251,1,0,9369.4,0.0,0.0,20180424130000,0
2255,0,1,9259.3,2873.4200000000073,29.5,20180424140000,1
2256,1,0,9284.9,2897.0200000000077,23.600000000000364,20180424141500,1
2257,0,1,9275.0,2904.9200000000073,7.899999999999636,20180424143000,1
2258,1,0,9323.0,2950.9200000000073,46.0,20180424144500,1
2259,0,1,9288.0,2983.9200000000073,33.0,20180424150000,1
2261,1,0,9349.6,3043.5200000000077,59.600000000000364,20180424153000,1
2263,1,0,9360.0,0.0,0.0,20180424160000,0
2264,1,0,9344.8,0.0,0.0,20180424161500,0
2271,1,0,9412.3,0.0,0.0,20180424180000,0
2277,1,0,9379.9,0.0,0.0,20180424193000,0
2279,1,0,9462.5,0.0,0.0,20180424200000,0
2281,1,0,9434.9,0.0,0.0,20180424203000,0
2282,1,0,9439.4,0.0,0.0,20180424204500,0
2284,1,0,9493.0,0.0,0.0,20180424211500,0
2289,1,0,9573.8,0.0,0.0,20180424223000,0
2290,0,1,9479.9,2911.2200000000084,-132.29999999999927,20180424224500,1
2291,1,0,9574.2,3003.5200000000095,92.30000000000109,20180424230000,1
2292,1,0,9552.7,0.0,0.0,20180424231500,0
2293,1,0,9640.0,0.0,0.0,20180424233000,0
2294,1,0,9700.0,0.0,0.0,20180424234500,0
2295,0,1,9646.9,2928.8200000000106,-74.69999999999891,20180425000000,1
2296,1,0,9659.9,2939.8200000000106,11.0,20180425001500,1
2297,0,1,9599.9,2997.8200000000106,58.0,20180425003000,1
2298,1,0,9612.6,3008.5200000000114,10.700000000000728,20180425004500,1
2299,0,1,9562.6,3056.5200000000114,48.0,20180425010000,1
2300,1,0,9581.7,3073.6200000000117,17.100000000000364,20180425011500,1
2301,1,0,9622.7,0.0,0.0,20180425013000,0
2302,1,0,9639.8,0.0,0.0,20180425014500,0
2304,0,1,9655.9,2997.420000000013,-76.19999999999891,20180425021500,1
2305,1,0,9679.9,3019.420000000013,22.0,20180425023000,1
2306,1,0,9735.9,0.0,0.0,20180425024500,0
2307,0,1,9681.89,3015.430000000013,-3.9899999999997817,20180425030000,1
2308,1,0,9703.4,3034.9400000000132,19.51000000000022,20180425031500,1
2309,0,1,9632.6,3103.7400000000125,68.79999999999927,20180425033000,1
2310,0,1,9622.6,0.0,0.0,20180425034500,0
2311,0,1,9386.3,0.0,0.0,20180425040000,0
2312,1,0,9477.3,2946.4400000000114,-157.3000000000011,20180425041500,1
2313,0,1,9451.5,2970.2400000000107,23.799999999999272,20180425043000,1
2314,0,1,9327.0,0.0,0.0,20180425044500,0
2315,0,1,9324.8,0.0,0.0,20180425050000,0
2316,1,0,9348.9,2865.6400000000103,-104.60000000000036,20180425051500,1
2318,0,1,9353.2,2859.3400000000092,-6.300000000001091,20180425054500,1
2319,0,1,9381.9,0.0,0.0,20180425060000,0
2320,1,0,9456.0,2960.1400000000085,100.79999999999927,20180425061500,1
2321,0,1,9459.3,2954.8400000000092,-5.299999999999272,20180425063000,1
2323,0,1,9428.9,0.0,0.0,20180425070000,0
2324,1,0,9465.4,2958.9400000000096,4.100000000000364,20180425071500,1
2325,1,0,9466.0,0.0,0.0,20180425073000,0
2329,0,1,9389.0,3033.3400000000092,74.39999999999964,20180425083000,1
2330,0,1,9376.0,0.0,0.0,20180425084500,0
2331,1,0,9302.9,2945.240000000009,-88.10000000000036,20180425090000,1
2332,1,0,9350.3,0.0,0.0,20180425091500,0
2333,1,0,9349.9,0.0,0.0,20180425093000,0
2334,0,1,9267.3,2978.8400000000092,33.600000000000364,20180425094500,1
2335,0,1,9323.1,0.0,0.0,20180425100000,0
2336,0,1,9303.1,0.0,0.0,20180425101500,0
2337,0,1,9159.4,0.0,0.0,20180425103000,0
2338,0,1,9124.1,0.0,0.0,20180425104500,0
2339,1,0,9178.8,2888.3400000000092,-90.5,20180425110000,1
2340,1,0,9145.7,0.0,0.0,20180425111500,0
2341,0,1,9061.8,3003.3400000000092,115.0,20180425113000,1
2342,0,1,9065.0,0.0,0.0,20180425114500,0
2343,1,0,9143.21,3082.750000000009,79.40999999999985,20180425120000,1
2344,1,0,9172.1,0.0,0.0,20180425121500,0
2345,0,1,9111.1,3112.860000000008,30.109999999998763,20180425123000,1
2346,1,0,9179.2,3178.960000000008,66.10000000000036,20180425124500,1
2347,1,0,9144.0,0.0,0.0,20180425130000,0
2349,0,1,9067.7,3288.460000000008,109.5,20180425133000,1
2350,1,0,9005.6,3224.360000000008,-64.10000000000036,20180425134500,1
2351,1,0,9055.1,0.0,0.0,20180425140000,0
2352,0,1,8935.0,3292.960000000008,68.60000000000036,20180425141500,1
2353,0,1,8900.0,0.0,0.0,20180425143000,0
2354,0,1,8841.2,0.0,0.0,20180425144500,0
2355,1,0,8919.2,3275.160000000009,-17.799999999999272,20180425150000,1
2356,1,0,8891.0,0.0,0.0,20180425151500,0
2357,1,0,8925.0,0.0,0.0,20180425153000,0
2358,1,0,8966.4,0.0,0.0,20180425154500,0
2359,0,1,8972.2,3220.160000000009,-55.0,20180425160000,1
2360,0,1,8891.8,0.0,0.0,20180425161500,0
2361,0,1,8890.5,0.0,0.0,20180425163000,0
2362,0,1,8916.9,0.0,0.0,20180425164500,0
2363,0,1,8915.6,0.0,0.0,20180425170000,0
2364,1,0,8978.4,3224.360000000008,4.199999999998909,20180425171500,1
2365,1,0,9029.8,0.0,0.0,20180425173000,0
2366,1,0,9074.2,0.0,0.0,20180425174500,0
2368,0,1,9004.1,3196.660000000007,-27.700000000000728,20180425181500,1
2369,1,0,9014.1,3204.660000000007,8.0,20180425183000,1
2370,1,0,9035.6,0.0,0.0,20180425184500,0
2371,0,1,8989.1,3227.660000000007,23.0,20180425190000,1
2372,1,0,9009.4,3245.9600000000064,18.299999999999272,20180425191500,1
2373,0,1,8972.1,3281.2600000000057,35.29999999999927,20180425193000,1
2374,0,1,8982.1,0.0,0.0,20180425194500,0
2375,0,1,8973.9,0.0,0.0,20180425200000,0
2376,1,0,9058.0,3365.1600000000053,83.89999999999964,20180425201500,1
2377,1,0,9054.7,0.0,0.0,20180425203000,0
2378,1,0,9095.6,0.0,0.0,20180425204500,0
2379,1,0,9073.8,0.0,0.0,20180425210000,0
2380,1,0,9111.0,0.0,0.0,20180425211500,0
2381,1,0,9123.8,0.0,0.0,20180425213000,0
2383,1,0,9161.01,0.0,0.0,20180425220000,0
2384,0,1,9116.0,3305.1600000000053,-60.0,20180425221500,1
2386,0,1,9071.6,0.0,0.0,20180425224500,0
2387,1,0,8962.0,3149.1600000000053,-156.0,20180425230000,1
2388,1,0,8916.9,0.0,0.0,20180425231500,0
2389,1,0,8832.0,0.0,0.0,20180425233000,0
2390,0,1,8806.1,3303.060000000005,153.89999999999964,20180425234500,1
2391,1,0,8867.4,3362.360000000004,59.29999999999927,20180426000000,1
2392,0,1,8819.4,3408.360000000004,46.0,20180426001500,1
2393,0,1,8701.3,0.0,0.0,20180426003000,0
2394,0,1,8762.1,0.0,0.0,20180426004500,0
2395,1,0,8811.6,3398.560000000005,-9.799999999999272,20180426010000,1
2397,1,0,8852.4,0.0,0.0,20180426013000,0
2398,1,0,8828.6,0.0,0.0,20180426014500,0
2399,0,1,8754.1,3454.060000000005,55.5,20180426020000,1
2400,1,0,8817.6,3515.560000000005,61.5,20180426021500,1
2401,1,0,8840.0,0.0,0.0,20180426023000,0
2402,1,0,8875.0,0.0,0.0,20180426024500,0
2404,1,0,8874.1,0.0,0.0,20180426031500,0
2405,1,0,8846.64,0.0,0.0,20180426033000,0
2406,0,1,8806.1,3525.060000000005,9.5,20180426034500,1
2407,0,1,8808.0,0.0,0.0,20180426040000,0
2408,1,0,8854.9,3571.860000000004,46.79999999999927,20180426041500,1
2409,0,1,8855.0,3569.760000000004,-2.100000000000364,20180426043000,1
2410,1,0,8900.1,3612.860000000004,43.100000000000364,20180426044500,1
2411,1,0,8918.7,0.0,0.0,20180426050000,0
2412,1,0,8941.9,0.0,0.0,20180426051500,0
2414,0,1,8880.1,3630.860000000004,18.0,20180426054500,1
2415,1,0,8891.4,3640.1600000000035,9.299999999999272,20180426060000,1
2416,1,0,8928.1,0.0,0.0,20180426061500,0
2417,0,1,8890.8,3638.760000000004,-1.3999999999996362,20180426063000,1
2418,0,1,8799.3,0.0,0.0,20180426064500,0
2419,1,0,8836.9,3582.860000000004,-55.899999999999636,20180426070000,1
2420,0,1,8817.9,3599.860000000004,17.0,20180426071500,1
2421,0,1,8817.5,0.0,0.0,20180426073000,0
2422,1,0,8865.4,3645.360000000004,45.5,20180426074500,1
2424,0,1,8823.0,3685.760000000004,40.399999999999636,20180426081500,1
2425,0,1,8743.2,0.0,0.0,20180426083000,0
2426,1,0,8727.3,3588.060000000003,-97.70000000000073,20180426084500,1
2427,1,0,8719.6,0.0,0.0,20180426090000,0
2428,1,0,8754.9,0.0,0.0,20180426091500,0
2429,0,1,8717.6,3595.760000000002,7.699999999998909,20180426093000,1
2430,0,1,8705.2,0.0,0.0,20180426094500,0
2431,0,1,8745.0,0.0,0.0,20180426100000,0
2432,1,0,8785.9,3662.0600000000013,66.29999999999927,20180426101500,1
2433,1,0,8848.0,0.0,0.0,20180426103000,0
2434,1,0,8860.5,0.0,0.0,20180426104500,0
2435,1,0,8847.7,0.0,0.0,20180426110000,0
2436,1,0,8885.9,0.0,0.0,20180426111500,0
2437,0,1,8847.5,3598.460000000001,-63.600000000000364,20180426113000,1
2439,1,0,8855.3,3604.26,5.799999999999272,20180426120000,1
2440,1,0,8915.0,0.0,0.0,20180426121500,0
2441,0,1,8881.3,3576.26,-28.0,20180426123000,1
2442,1,0,8908.0,3600.960000000001,24.700000000000728,20180426124500,1
2443,1,0,8895.0,0.0,0.0,20180426130000,0
2445,0,1,8843.4,3663.5600000000013,62.600000000000364,20180426133000,1
2446,0,1,8855.94,0.0,0.0,20180426134500,0
2447,0,1,8815.0,0.0,0.0,20180426140000,0
2449,0,1,8761.1,0.0,0.0,20180426143000,0
2450,0,1,8750.0,0.0,0.0,20180426144500,0
2451,1,0,8814.9,3633.0600000000013,-30.5,20180426150000,1
2452,0,1,8782.8,3663.1600000000017,30.100000000000364,20180426151500,1
2453,1,0,8807.1,3685.4600000000028,22.30000000000109,20180426153000,1
2454,1,0,8786.3,0.0,0.0,20180426154500,0
2458,1,0,8865.0,0.0,0.0,20180426164500,0
2459,1,0,8887.7,0.0,0.0,20180426170000,0
2460,1,0,8879.9,0.0,0.0,20180426171500,0
2472,0,1,9068.8,3421.760000000004,-263.6999999999989,20180426201500,1
2474,1,0,9100.2,3451.1600000000053,29.400000000001455,20180426204500,1
2475,1,0,9129.86,0.0,0.0,20180426210000,0
2476,1,0,9113.6,0.0,0.0,20180426211500,0
2477,1,0,9173.0,0.0,0.0,20180426213000,0
2478,0,1,9128.0,3421.360000000006,-29.799999999999272,20180426214500,1
2479,0,1,9100.0,0.0,0.0,20180426220000,0
2480,1,0,9131.0,3422.360000000006,1.0,20180426221500,1
2481,1,0,9161.1,0.0,0.0,20180426223000,0
2482,1,0,9175.0,0.0,0.0,20180426224500,0
2483,1,0,9208.0,0.0,0.0,20180426230000,0
2484,1,0,9227.6,0.0,0.0,20180426231500,0
2485,1,0,9236.8,0.0,0.0,20180426233000,0
2486,1,0,9260.3,0.0,0.0,20180426234500,0
2487,1,0,9268.9,0.0,0.0,20180427000000,0
2489,1,0,9242.2,0.0,0.0,20180427003000,0
2490,0,1,9214.5,3336.860000000006,-85.5,20180427004500,1
2491,0,1,9226.0,0.0,0.0,20180427010000,0
2500,0,1,9224.6,0.0,0.0,20180427031500,0
2502,0,1,9163.0,0.0,0.0,20180427034500,0
2503,0,1,9157.1,0.0,0.0,20180427040000,0
2504,1,0,9190.01,3310.3700000000063,-26.48999999999978,20180427041500,1
2505,1,0,9213.96,0.0,0.0,20180427043000,0
2506,1,0,9245.0,0.0,0.0,20180427044500,0
2508,0,1,9212.19,3286.190000000006,-24.18000000000029,20180427051500,1
2509,1,0,9206.4,3278.400000000005,-7.790000000000873,20180427053000,1
2515,1,0,9244.5,0.0,0.0,20180427070000,0
2517,0,1,9188.4,3294.400000000005,16.0,20180427073000,1
2520,1,0,9269.5,3373.5000000000055,79.10000000000036,20180427081500,1
2523,1,0,9253.1,0.0,0.0,20180427090000,0
2526,1,0,9343.0,0.0,0.0,20180427094500,0
2527,1,0,9360.9,0.0,0.0,20180427100000,0
2528,1,0,9350.83,0.0,0.0,20180427101500,0
2529,1,0,9361.4,0.0,0.0,20180427103000,0
2530,1,0,9375.3,0.0,0.0,20180427104500,0
2533,1,0,9344.1,0.0,0.0,20180427113000,0
2534,0,1,9302.1,3338.900000000005,-34.600000000000364,20180427114500,1
2535,1,0,9304.9,3339.7000000000044,0.7999999999992724,20180427120000,1
2536,1,0,9341.5,0.0,0.0,20180427121500,0
2539,0,1,9281.1,3361.5000000000036,21.799999999999272,20180427130000,1
2540,0,1,9250.0,0.0,0.0,20180427131500,0
2541,0,1,9194.3,0.0,0.0,20180427133000,0
2542,1,0,9215.0,3293.4000000000033,-68.10000000000036,20180427134500,1
2543,1,0,9216.0,0.0,0.0,20180427140000,0
2544,1,0,9230.0,0.0,0.0,20180427141500,0
2546,0,1,9249.4,3257.0000000000036,-36.399999999999636,20180427144500,1
2552,1,0,9294.8,3300.4000000000033,43.399999999999636,20180427161500,1
2553,1,0,9294.5,0.0,0.0,20180427163000,0
2555,1,0,9278.1,0.0,0.0,20180427170000,0
2556,1,0,9279.2,0.0,0.0,20180427171500,0
2561,0,1,9245.2,3348.000000000002,47.599999999998545,20180427183000,1
2563,0,1,9227.3,0.0,0.0,20180427190000,0
2564,0,1,9204.4,0.0,0.0,20180427191500,0
2565,0,1,9183.6,0.0,0.0,20180427193000,0
2566,0,1,9188.0,0.0,0.0,20180427194500,0
2567,0,1,9099.2,0.0,0.0,20180427200000,0
2568,0,1,9137.0,0.0,0.0,20180427201500,0
2569,0,1,9100.0,0.0,0.0,20180427203000,0
2570,0,1,8975.1,0.0,0.0,20180427204500,0
2571,0,1,8980.1,0.0,0.0,20180427210000,0
2572,1,0,9036.2,3137.000000000002,-211.0,20180427211500,1
2573,0,1,8994.6,3176.600000000002,39.600000000000364,20180427213000,1
2574,0,1,8999.7,0.0,0.0,20180427214500,0
2575,0,1,8972.4,0.0,0.0,20180427220000,0
2576,1,0,9040.0,3220.000000000002,43.399999999999636,20180427221500,1
2577,1,0,9062.9,0.0,0.0,20180427223000,0
2578,1,0,9072.5,0.0,0.0,20180427224500,0
2580,1,0,9050.0,0.0,0.0,20180427231500,0
2582,0,1,8998.59,3259.4100000000017,39.409999999999854,20180427234500,1
2583,1,0,8920.1,3178.920000000002,-80.48999999999978,20180428000000,1
2584,1,0,8921.7,0.0,0.0,20180428001500,0
2585,1,0,8969.1,0.0,0.0,20180428003000,0
2586,1,0,9029.9,0.0,0.0,20180428004500,0
2588,0,1,9012.0,3085.0200000000023,-93.89999999999964,20180428011500,1
2589,1,0,9032.0,3103.0200000000023,18.0,20180428013000,1
2590,1,0,9083.4,0.0,0.0,20180428014500,0
2591,1,0,9103.5,0.0,0.0,20180428020000,0
2592,1,0,9095.6,0.0,0.0,20180428021500,0
2593,1,0,9087.1,0.0,0.0,20180428023000,0
2594,1,0,9083.6,0.0,0.0,20180428024500,0
2596,1,0,9080.6,0.0,0.0,20180428031500,0
2597,1,0,9100.0,0.0,0.0,20180428033000,0
2599,1,0,9150.2,0.0,0.0,20180428040000,0
2600,1,0,9125.4,0.0,0.0,20180428041500,0
2601,1,0,9143.1,0.0,0.0,20180428043000,0
2604,1,0,9160.2,0.0,0.0,20180428051500,0
2605,1,0,9139.8,0.0,0.0,20180428053000,0
2610,1,0,9184.9,0.0,0.0,20180428064500,0
2611,1,0,9155.6,0.0,0.0,20180428070000,0
2614,0,1,9120.1,3012.920000000002,-90.10000000000036,20180428074500,1
2616,0,1,9087.0,0.0,0.0,20180428081500,0
2617,0,1,9093.1,0.0,0.0,20180428083000,0
2618,1,0,9325.7,3216.5200000000023,203.60000000000036,20180428084500,1
2619,0,1,9236.5,3303.720000000003,87.20000000000073,20180428090000,1
2621,1,0,9275.2,3340.4200000000037,36.70000000000073,20180428093000,1
2622,1,0,9273.4,0.0,0.0,20180428094500,0
2624,1,0,9296.9,0.0,0.0,20180428101500,0
2625,1,0,9284.14,0.0,0.0,20180428103000,0
2627,1,0,9272.7,0.0,0.0,20180428110000,0
2628,0,1,9237.0,3376.6200000000044,36.20000000000073,20180428111500,1
2629,1,0,9246.9,3384.520000000004,7.899999999999636,20180428113000,1
2630,0,1,9218.0,3411.4200000000037,26.899999999999636,20180428114500,1
2631,0,1,9214.9,0.0,0.0,20180428120000,0
2633,1,0,9400.0,3591.4200000000037,180.0,20180428123000,1
2634,1,0,9374.06,0.0,0.0,20180428124500,0
2635,1,0,9377.8,0.0,0.0,20180428130000,0
2636,1,0,9400.9,0.0,0.0,20180428131500,0
2637,1,0,9380.1,0.0,0.0,20180428133000,0
2639,1,0,9381.9,0.0,0.0,20180428140000,0
2640,1,0,9425.4,0.0,0.0,20180428141500,0
2641,0,1,9395.9,3593.520000000004,2.100000000000364,20180428143000,1
2642,0,1,9310.0,0.0,0.0,20180428144500,0
2643,1,0,9307.2,3502.820000000005,-90.69999999999891,20180428150000,1
2644,0,1,9273.3,3534.7200000000066,31.900000000001455,20180428151500,1
2645,0,1,9290.0,0.0,0.0,20180428153000,0
2646,1,0,9328.0,3587.4200000000073,52.70000000000073,20180428154500,1
2647,1,0,9340.0,0.0,0.0,20180428160000,0
2649,0,1,9364.2,3549.2200000000066,-38.20000000000073,20180428163000,1
2650,0,1,9290.0,0.0,0.0,20180428164500,0
2651,1,0,9306.55,3489.570000000005,-59.650000000001455,20180428170000,1
2652,0,1,9313.3,3480.820000000005,-8.75,20180428171500,1
2655,0,1,9279.5,0.0,0.0,20180428180000,0
2656,1,0,9366.7,3532.2200000000066,51.400000000001455,20180428181500,1
2657,1,0,9365.0,0.0,0.0,20180428183000,0
2658,1,0,9394.9,0.0,0.0,20180428184500,0
2660,1,0,9390.9,0.0,0.0,20180428191500,0
2667,0,1,9315.08,3581.8400000000074,49.6200000000008,20180428210000,1
2668,1,0,9325.6,3590.360000000008,8.520000000000437,20180428211500,1
2669,0,1,9322.1,3591.860000000008,1.5,20180428213000,1
2670,0,1,9264.5,0.0,0.0,20180428214500,0
2671,1,0,9295.2,3562.960000000008,-28.899999999999636,20180428220000,1
2672,1,0,9341.1,0.0,0.0,20180428221500,0
2673,1,0,9339.3,0.0,0.0,20180428223000,0
2675,0,1,9350.0,3506.160000000009,-56.79999999999927,20180428230000,1
2676,1,0,9368.5,3522.660000000009,16.5,20180428231500,1
2681,1,0,9420.7,0.0,0.0,20180429003000,0
2683,1,0,9400.1,0.0,0.0,20180429010000,0
2684,1,0,9398.6,0.0,0.0,20180429011500,0
2685,1,0,9434.9,0.0,0.0,20180429013000,0
2686,1,0,9500.0,0.0,0.0,20180429014500,0
2687,1,0,9478.8,0.0,0.0,20180429020000,0
2688,1,0,9539.0,0.0,0.0,20180429021500,0
2689,1,0,9499.8,0.0,0.0,20180429023000,0
2691,1,0,9518.6,0.0,0.0,20180429030000,0
2692,0,1,9471.5,3417.660000000009,-105.0,20180429031500,1
2693,1,0,9498.5,3442.660000000009,25.0,20180429033000,1
2703,0,1,9429.5,3509.660000000009,67.0,20180429060000,1
2713,0,1,9408.1,0.0,0.0,20180429083000,0
2714,0,1,9373.1,0.0,0.0,20180429084500,0
2715,0,1,9295.0,0.0,0.0,20180429090000,0
2716,1,0,9279.9,3358.0600000000086,-151.60000000000036,20180429091500,1
2717,1,0,9304.2,0.0,0.0,20180429093000,0
2718,0,1,9289.9,3346.0600000000086,-12.0,20180429094500,1
2719,0,1,9295.8,0.0,0.0,20180429100000,0
2720,0,1,9259.8,0.0,0.0,20180429101500,0
2721,0,1,9277.2,0.0,0.0,20180429103000,0
2722,0,1,9220.0,0.0,0.0,20180429104500,0
2723,0,1,9220.8,0.0,0.0,20180429110000,0
2724,0,1,9190.5,0.0,0.0,20180429111500,0
2725,0,1,9239.79,0.0,0.0,20180429113000,0
2726,0,1,9214.93,0.0,0.0,20180429114500,0
2728,1,0,9254.0,3308.160000000009,-37.899999999999636,20180429121500,1
2729,0,1,9255.5,3304.660000000009,-3.5,20180429123000,1
2732,1,0,9273.6,3320.7600000000093,16.100000000000364,20180429131500,1
2734,1,0,9290.4,0.0,0.0,20180429134500,0
2735,1,0,9303.4,0.0,0.0,20180429140000,0
2737,1,0,9324.0,0.0,0.0,20180429143000,0
2738,1,0,9343.6,0.0,0.0,20180429144500,0
2740,1,0,9309.0,0.0,0.0,20180429151500,0
2741,1,0,9303.1,0.0,0.0,20180429153000,0
2748,0,1,9260.8,3331.5600000000104,10.800000000001091,20180429171500,1
2749,0,1,9270.9,0.0,0.0,20180429173000,0
2753,0,1,9300.2,0.0,0.0,20180429183000,0
2754,1,0,9305.01,3373.7700000000114,42.210000000000946,20180429184500,1
2768,1,0,9368.2,0.0,0.0,20180429221500,0
2770,1,0,9402.9,0.0,0.0,20180429224500,0
2772,1,0,9411.0,0.0,0.0,20180429231500,0
2777,0,1,9380.5,3296.2800000000116,-77.48999999999978,20180430003000,1
2778,0,1,9347.2,0.0,0.0,20180430004500,0
2779,1,0,9415.1,3328.880000000012,32.600000000000364,20180430010000,1
2780,0,1,9402.5,3339.4800000000123,10.600000000000364,20180430011500,1
2781,1,0,9416.9,3351.880000000012,12.399999999999636,20180430013000,1
2782,1,0,9384.6,0.0,0.0,20180430014500,0
2788,0,1,9390.0,3376.7800000000116,24.899999999999636,20180430031500,1
2790,0,1,9367.4,0.0,0.0,20180430034500,0
2791,1,0,9272.2,3256.9800000000123,-119.79999999999927,20180430040000,1
2792,1,0,9313.2,0.0,0.0,20180430041500,0
2793,0,1,9289.9,3237.2800000000134,-19.69999999999891,20180430043000,1
2794,0,1,9294.1,0.0,0.0,20180430044500,0
2795,0,1,9260.3,0.0,0.0,20180430050000,0
2796,0,1,9312.7,0.0,0.0,20180430051500,0
2797,1,0,9339.2,3284.5800000000145,47.30000000000109,20180430053000,1
2799,1,0,9344.7,0.0,0.0,20180430060000,0
2800,1,0,9304.4,0.0,0.0,20180430061500,0
2801,0,1,9290.5,3331.280000000015,46.70000000000073,20180430063000,1
2804,0,1,9220.3,0.0,0.0,20180430071500,0
2805,0,1,9246.9,0.0,0.0,20180430073000,0
2806,0,1,9231.0,0.0,0.0,20180430074500,0
2807,0,1,9221.7,0.0,0.0,20180430080000,0
2808,0,1,9239.9,0.0,0.0,20180430081500,0
2809,0,1,9140.0,0.0,0.0,20180430083000,0
2810,0,1,9148.4,0.0,0.0,20180430084500,0
2811,1,0,9186.6,3225.3800000000156,-105.89999999999964,20180430090000,1
2812,0,1,9170.03,3239.9500000000153,14.569999999999709,20180430091500,1
2813,1,0,9209.9,3277.8200000000143,37.86999999999898,20180430093000,1
2814,1,0,9219.0,0.0,0.0,20180430094500,0
2818,1,0,9267.7,0.0,0.0,20180430104500,0
2819,1,0,9252.34,0.0,0.0,20180430110000,0
2821,1,0,9262.0,0.0,0.0,20180430113000,0
2822,1,0,9242.6,0.0,0.0,20180430114500,0
2825,1,0,9292.9,0.0,0.0,20180430123000,0
2834,0,1,9259.0,3226.720000000014,-51.100000000000364,20180430144500,1
2842,1,0,9301.7,3267.4200000000146,40.70000000000073,20180430164500,1
2848,1,0,9328.1,0.0,0.0,20180430181500,0
2852,0,1,9296.9,3270.2200000000157,2.8000000000010914,20180430191500,1
2853,1,0,9300.7,3272.020000000017,1.8000000000010914,20180430193000,1
2859,0,1,9278.0,3292.7200000000175,20.700000000000728,20180430210000,1
2860,1,0,9257.2,3269.9200000000183,-22.799999999999272,20180430211500,1
2861,0,1,9231.7,3293.4200000000183,23.5,20180430213000,1
2862,0,1,9223.9,0.0,0.0,20180430214500,0
2863,0,1,9225.6,0.0,0.0,20180430220000,0
2864,1,0,9276.3,3336.020000000017,42.599999999998545,20180430221500,1
2865,0,1,9253.2,3357.1200000000154,21.099999999998545,20180430223000,1
2866,0,1,9232.2,0.0,0.0,20180430224500,0
2867,0,1,9189.1,0.0,0.0,20180430230000,0
2869,0,1,9227.2,0.0,0.0,20180430233000,0
2872,0,1,9207.0,0.0,0.0,20180501001500,0
2873,1,0,9124.6,3226.520000000015,-130.60000000000036,20180501003000,1
2874,1,0,8988.2,0.0,0.0,20180501004500,0
2875,1,0,8980.0,0.0,0.0,20180501010000,0
2876,1,0,8965.7,0.0,0.0,20180501011500,0
2877,0,1,8942.3,3406.820000000016,180.3000000000011,20180501013000,1
2878,0,1,8969.2,0.0,0.0,20180501014500,0
2879,1,0,8994.0,3456.520000000017,49.70000000000073,20180501020000,1
2880,0,1,8993.6,3454.9200000000164,-1.6000000000003638,20180501021500,1
2881,0,1,8981.2,0.0,0.0,20180501023000,0
2882,0,1,8995.9,0.0,0.0,20180501024500,0
2883,1,0,9009.3,3468.6200000000154,13.699999999998909,20180501030000,1
2887,0,1,8952.8,3523.1200000000154,54.5,20180501040000,1
2893,0,1,8944.0,0.0,0.0,20180501053000,0
2894,0,1,8935.7,0.0,0.0,20180501054500,0
2905,1,0,9034.5,3602.820000000016,79.70000000000073,20180501083000,1
2906,1,0,9042.0,0.0,0.0,20180501084500,0
2908,1,0,9036.4,0.0,0.0,20180501091500,0
2909,1,0,9049.9,0.0,0.0,20180501093000,0
2912,0,1,8988.0,3647.320000000016,44.5,20180501101500,1
2913,0,1,8994.2,0.0,0.0,20180501103000,0
2919,0,1,8979.7,0.0,0.0,20180501120000,0
2920,0,1,8960.0,0.0,0.0,20180501121500,0
2921,0,1,8926.5,0.0,0.0,20180501123000,0
2922,1,0,8872.2,3529.520000000017,-117.79999999999927,20180501124500,1
2923,1,0,8895.6,0.0,0.0,20180501130000,0
2924,1,0,8900.2,0.0,0.0,20180501131500,0
2925,0,1,8903.7,3496.020000000017,-33.5,20180501133000,1
2927,0,1,8923.3,0.0,0.0,20180501140000,0
2930,0,1,8887.0,0.0,0.0,20180501144500,0
2938,1,0,8980.0,3570.320000000016,74.29999999999927,20180501164500,1
2939,1,0,8984.9,0.0,0.0,20180501170000,0
2942,1,0,8991.8,0.0,0.0,20180501174500,0
2946,0,1,8945.7,3602.6200000000154,32.29999999999927,20180501184500,1
2956,1,0,9044.5,3699.4200000000146,96.79999999999927,20180501211500,1
2957,1,0,9088.8,0.0,0.0,20180501213000,0
2959,1,0,9078.1,0.0,0.0,20180501220000,0
2960,1,0,9082.2,0.0,0.0,20180501221500,0
2966,1,0,9097.0,0.0,0.0,20180501234500,0
2968,1,0,9094.4,0.0,0.0,20180502001500,0
2969,1,0,9081.9,0.0,0.0,20180502003000,0
2971,0,1,9035.9,3706.020000000015,6.600000000000364,20180502010000,1
2972,0,1,9026.1,0.0,0.0,20180502011500,0
2973,1,0,9001.3,3669.4200000000146,-36.600000000000364,20180502013000,1
2974,0,1,9005.0,3663.720000000014,-5.700000000000728,20180502014500,1
2977,0,1,9019.0,0.0,0.0,20180502023000,0
2978,0,1,9046.0,0.0,0.0,20180502024500,0
2986,1,0,9073.4,3730.1200000000135,66.39999999999964,20180502044500,1
2988,1,0,9091.4,0.0,0.0,20180502051500,0
2994,1,0,9142.1,0.0,0.0,20180502064500,0
2995,1,0,9165.4,0.0,0.0,20180502070000,0
2997,1,0,9139.0,0.0,0.0,20180502073000,0
2998,1,0,9144.5,0.0,0.0,20180502074500,0
3008,1,0,9180.0,0.0,0.0,20180502101500,0
3011,1,0,9161.8,0.0,0.0,20180502110000,0
3019,0,1,9085.1,3716.420000000013,-13.700000000000728,20180502130000,1
3020,0,1,9052.3,0.0,0.0,20180502131500,0
3021,0,1,9060.9,0.0,0.0,20180502133000,0
3022,0,1,9062.3,0.0,0.0,20180502134500,0
3023,1,0,9095.7,3725.020000000013,8.600000000000364,20180502140000,1
3026,1,0,9103.3,0.0,0.0,20180502144500,0
3030,1,0,9146.0,0.0,0.0,20180502154500,0
3031,1,0,9157.1,0.0,0.0,20180502160000,0
3050,1,0,9165.1,0.0,0.0,20180502204500,0
3051,1,0,9203.9,0.0,0.0,20180502210000,0
3053,1,0,9227.23,0.0,0.0,20180502213000,0
3054,1,0,9258.88,0.0,0.0,20180502214500,0
3058,1,0,9240.1,0.0,0.0,20180502224500,0
3059,1,0,9260.9,0.0,0.0,20180502230000,0
3065,0,1,9208.0,3610.720000000014,-114.29999999999927,20180503003000,1
3079,1,0,9234.9,3635.6200000000135,24.899999999999636,20180503040000,1
3081,0,1,9263.6,3604.920000000013,-30.700000000000728,20180503043000,1
3086,0,1,9225.0,0.0,0.0,20180503054500,0
3087,1,0,9202.0,3541.3200000000124,-63.600000000000364,20180503060000,1
3088,1,0,9214.6,0.0,0.0,20180503061500,0
3089,0,1,9205.8,3535.520000000013,-5.799999999999272,20180503063000,1
3090,0,1,9219.9,0.0,0.0,20180503064500,0
3091,0,1,9206.3,0.0,0.0,20180503070000,0
3100,0,1,9197.5,0.0,0.0,20180503091500,0
3109,0,1,9180.0,0.0,0.0,20180503113000,0
3115,1,0,9336.2,3663.9200000000146,128.40000000000146,20180503130000,1
3116,1,0,9336.3,0.0,0.0,20180503131500,0
3117,1,0,9322.2,0.0,0.0,20180503133000,0
3118,1,0,9365.2,0.0,0.0,20180503134500,0
3119,1,0,9468.8,0.0,0.0,20180503140000,0
3120,1,0,9445.3,0.0,0.0,20180503141500,0
3121,0,1,9436.1,3562.020000000015,-101.89999999999964,20180503143000,1
3122,1,0,9437.7,3561.6200000000154,-0.3999999999996362,20180503144500,1
3123,1,0,9447.1,0.0,0.0,20180503150000,0
3124,0,1,9434.8,3562.520000000017,0.9000000000014552,20180503151500,1
3125,1,0,9433.9,3559.620000000017,-2.899999999999636,20180503153000,1
3131,1,0,9615.6,0.0,0.0,20180503170000,0
3132,1,0,9599.0,0.0,0.0,20180503171500,0
3133,1,0,9622.2,0.0,0.0,20180503173000,0
3134,1,0,9630.1,0.0,0.0,20180503174500,0
3135,1,0,9714.9,0.0,0.0,20180503180000,0
3136,0,1,9665.0,3326.520000000017,-233.10000000000036,20180503181500,1
3137,0,1,9667.9,0.0,0.0,20180503183000,0
3138,1,0,9670.0,3329.520000000017,3.0,20180503184500,1
3139,1,0,9689.5,0.0,0.0,20180503190000,0
3140,1,0,9711.4,0.0,0.0,20180503191500,0
3143,1,0,9683.0,0.0,0.0,20180503200000,0
3145,0,1,9652.5,3345.020000000017,15.5,20180503203000,1
3156,1,0,9824.0,3514.520000000017,169.5,20180503231500,1
3157,0,1,9780.0,3556.520000000017,42.0,20180503233000,1
3158,0,1,9788.1,0.0,0.0,20180503234500,0
3159,1,0,9759.0,3533.520000000017,-23.0,20180504000000,1
3160,0,1,9619.3,3671.2200000000175,137.70000000000073,20180504001500,1
3161,1,0,9623.8,3673.7200000000175,2.5,20180504003000,1
3162,1,0,9619.19,0.0,0.0,20180504004500,0
3163,1,0,9615.8,0.0,0.0,20180504010000,0
3164,1,0,9636.3,0.0,0.0,20180504011500,0
3165,0,1,9638.1,3657.4200000000164,-16.30000000000109,20180504013000,1
3166,1,0,9684.2,3701.520000000017,44.100000000000364,20180504014500,1
3167,0,1,9630.1,3753.620000000017,52.100000000000364,20180504020000,1
3168,0,1,9645.1,0.0,0.0,20180504021500,0
3169,1,0,9660.0,3781.520000000017,27.899999999999636,20180504023000,1
3174,0,1,9616.0,3823.520000000017,42.0,20180504034500,1
3175,0,1,9586.7,0.0,0.0,20180504040000,0
3180,1,0,9645.4,3850.9200000000164,27.399999999999636,20180504051500,1
3187,1,0,9690.2,0.0,0.0,20180504070000,0
3191,1,0,9684.3,0.0,0.0,20180504080000,0
3192,1,0,9763.2,0.0,0.0,20180504081500,0
3193,1,0,9759.8,0.0,0.0,20180504083000,0
3194,1,0,9792.0,0.0,0.0,20180504084500,0
3195,1,0,9798.1,0.0,0.0,20180504090000,0
3197,0,1,9697.3,3797.020000000017,-53.899999999999636,20180504093000,1
3198,1,0,9742.2,3839.9200000000183,42.900000000001455,20180504094500,1
3199,1,0,9761.0,0.0,0.0,20180504100000,0
3200,0,1,9736.1,3844.0200000000186,4.100000000000364,20180504101500,1
3203,0,1,9708.9,0.0,0.0,20180504110000,0
3204,0,1,9682.5,0.0,0.0,20180504111500,0
3205,0,1,9690.0,0.0,0.0,20180504113000,0
3207,1,0,9769.1,3875.0200000000186,31.0,20180504120000,1
3208,1,0,9775.5,0.0,0.0,20180504121500,0
3209,0,1,9759.1,3883.0200000000186,8.0,20180504123000,1
3210,0,1,9727.7,0.0,0.0,20180504124500,0
3212,0,1,9707.0,0.0,0.0,20180504131500,0
3213,1,0,9716.7,3838.620000000019,-44.399999999999636,20180504133000,1
3214,0,1,9686.0,3867.3200000000197,28.700000000000728,20180504134500,1
3215,0,1,9653.53,0.0,0.0,20180504140000,0
3217,0,1,9652.1,0.0,0.0,20180504143000,0
3221,0,1,9647.2,0.0,0.0,20180504153000,0
3222,0,1,9610.6,0.0,0.0,20180504154500,0
3223,1,0,9626.1,3805.42000000002,-61.899999999999636,20180504160000,1
3224,0,1,9624.3,3805.220000000021,-0.1999999999989086,20180504161500,1
3225,1,0,9654.9,3833.8200000000215,28.600000000000364,20180504163000,1
3230,0,1,9669.9,3816.8200000000215,-17.0,20180504174500,1
3233,0,1,9636.9,0.0,0.0,20180504183000,0
3244,1,0,9709.4,3854.3200000000215,37.5,20180504211500,1
3245,1,0,9739.1,0.0,0.0,20180504213000,0
3247,1,0,9755.0,0.0,0.0,20180504220000,0
3253,0,1,9712.2,3849.5200000000204,-4.800000000001091,20180504233000,1
3255,0,1,9703.0,0.0,0.0,20180505000000,0
3261,1,0,9742.7,3878.0200000000204,28.5,20180505013000,1
3264,1,0,9863.3,0.0,0.0,20180505021500,0
3265,1,0,9836.5,0.0,0.0,20180505023000,0
3266,0,1,9797.3,3821.420000000022,-56.599999999998545,20180505024500,1
3267,1,0,9830.7,3852.8200000000234,31.400000000001455,20180505030000,1
3268,1,0,9816.0,0.0,0.0,20180505031500,0
3269,1,0,9849.2,0.0,0.0,20180505033000,0
3281,0,1,9800.0,3881.520000000024,28.700000000000728,20180505063000,1
3292,1,0,9849.6,3929.1200000000244,47.600000000000364,20180505091500,1
3293,1,0,9862.3,0.0,0.0,20180505093000,0
3296,1,0,9896.9,0.0,0.0,20180505101500,0
3297,1,0,9915.8,0.0,0.0,20180505103000,0
3298,1,0,9957.9,0.0,0.0,20180505104500,0
3301,0,1,9860.0,3916.720000000025,-12.399999999999636,20180505113000,1
3302,0,1,9876.0,0.0,0.0,20180505114500,0
3303,0,1,9878.4,0.0,0.0,20180505120000,0
3308,0,1,9956.5,0.0,0.0,20180505131500,0
3309,1,0,9939.6,3994.320000000025,77.60000000000036,20180505133000,1
3310,1,0,9974.0,0.0,0.0,20180505134500,0
3311,0,1,9891.09,4040.8300000000254,46.51000000000022,20180505140000,1
3312,1,0,9946.4,4094.140000000025,53.30999999999949,20180505141500,1
3313,0,1,9940.3,4098.240000000025,4.100000000000364,20180505143000,1
3314,1,0,9950.1,4106.040000000026,7.800000000001091,20180505144500,1
3316,1,0,9945.1,0.0,0.0,20180505151500,0
3319,0,1,9911.7,4142.440000000026,36.399999999999636,20180505160000,1
3320,1,0,9889.0,4117.740000000025,-24.700000000000728,20180505161500,1
3327,0,1,9889.3,4115.440000000026,-2.2999999999992724,20180505180000,1
3328,1,0,9859.9,4084.0400000000263,-31.399999999999636,20180505181500,1
3329,1,0,9880.9,0.0,0.0,20180505183000,0
3330,0,1,9867.3,4074.6400000000267,-9.399999999999636,20180505184500,1
3331,0,1,9873.7,0.0,0.0,20180505190000,0
3337,1,0,9753.8,3959.1400000000267,-115.5,20180505203000,1
3338,1,0,9797.0,0.0,0.0,20180505204500,0
3339,0,1,9769.0,3941.940000000026,-17.200000000000728,20180505210000,1
3340,0,1,9759.2,0.0,0.0,20180505211500,0
3341,1,0,9805.1,3976.0400000000263,34.100000000000364,20180505213000,1
3342,0,1,9780.0,3999.1400000000267,23.100000000000364,20180505214500,1
3344,1,0,9819.6,4036.740000000027,37.600000000000364,20180505221500,1
3345,1,0,9857.5,0.0,0.0,20180505223000,0
3347,1,0,9845.2,0.0,0.0,20180505230000,0
3348,1,0,9858.8,0.0,0.0,20180505231500,0
3353,1,0,9923.0,0.0,0.0,20180506003000,0
3354,1,0,9928.9,0.0,0.0,20180506004500,0
3355,1,0,9959.4,0.0,0.0,20180506010000,0
3356,1,0,9940.33,0.0,0.0,20180506011500,0
3357,1,0,9945.0,0.0,0.0,20180506013000,0
3359,1,0,9944.9,0.0,0.0,20180506020000,0
3361,0,1,9893.1,3961.240000000027,-75.5,20180506023000,1
3362,0,1,9877.1,0.0,0.0,20180506024500,0
3363,0,1,9877.3,0.0,0.0,20180506030000,0
3364,0,1,9882.6,0.0,0.0,20180506031500,0
3371,0,1,9861.7,0.0,0.0,20180506050000,0
3372,0,1,9815.1,0.0,0.0,20180506051500,0
3373,1,0,9790.2,3856.3400000000274,-104.89999999999964,20180506053000,1
3374,0,1,9767.6,3876.940000000028,20.600000000000364,20180506054500,1
3375,0,1,9757.0,0.0,0.0,20180506060000,0
3376,0,1,9712.0,0.0,0.0,20180506061500,0
3377,0,1,9633.1,0.0,0.0,20180506063000,0
3378,0,1,9675.1,0.0,0.0,20180506064500,0
3379,1,0,9695.3,3802.6400000000267,-74.30000000000109,20180506070000,1
3380,0,1,9679.9,3816.0400000000263,13.399999999999636,20180506071500,1
3381,1,0,9720.4,3854.5400000000263,38.5,20180506073000,1
3382,0,1,9698.6,3874.3400000000256,19.799999999999272,20180506074500,1
3384,1,0,9683.6,3857.3400000000256,-17.0,20180506081500,1
3385,0,1,9640.2,3898.7400000000252,41.399999999999636,20180506083000,1
3386,0,1,9624.6,0.0,0.0,20180506084500,0
3387,1,0,9630.1,3886.640000000025,-12.100000000000364,20180506090000,1
3388,0,1,9593.1,3921.640000000025,35.0,20180506091500,1
3389,0,1,9628.6,0.0,0.0,20180506093000,0
3390,0,1,9588.0,0.0,0.0,20180506094500,0
3391,0,1,9604.1,0.0,0.0,20180506100000,0
3396,0,1,9588.2,0.0,0.0,20180506111500,0
3397,0,1,9586.6,0.0,0.0,20180506113000,0
3398,0,1,9590.0,0.0,0.0,20180506114500,0
3399,1,0,9545.2,3871.7400000000252,-49.899999999999636,20180506120000,1
3400,0,1,9501.6,3913.3400000000256,41.600000000000364,20180506121500,1
3401,1,0,9523.2,3932.940000000026,19.600000000000364,20180506123000,1
3402,0,1,9549.7,3904.440000000026,-28.5,20180506124500,1
3403,0,1,9553.8,0.0,0.0,20180506130000,0
3404,1,0,9574.8,3927.5400000000245,23.099999999998545,20180506131500,1
3405,0,1,9582.1,3918.2400000000234,-9.300000000001091,20180506133000,1
3406,1,0,9592.3,3926.4400000000223,8.199999999998909,20180506134500,1
3408,1,0,9570.13,0.0,0.0,20180506141500,0
3409,1,0,9602.7,0.0,0.0,20180506143000,0
3410,1,0,9594.1,0.0,0.0,20180506144500,0
3412,0,1,9533.9,3982.840000000022,56.399999999999636,20180506151500,1
3413,0,1,9530.1,0.0,0.0,20180506153000,0
3414,0,1,9540.6,0.0,0.0,20180506154500,0
3415,0,1,9520.0,0.0,0.0,20180506160000,0
3416,1,0,9594.1,4041.0400000000227,58.20000000000073,20180506161500,1
3417,1,0,9609.5,0.0,0.0,20180506163000,0
3419,0,1,9597.9,4035.2400000000234,-5.799999999999272,20180506170000,1
3420,1,0,9624.9,4060.2400000000234,25.0,20180506171500,1
3421,1,0,9645.9,0.0,0.0,20180506173000,0
3425,0,1,9566.4,4116.740000000023,56.5,20180506183000,1
3427,0,1,9581.0,0.0,0.0,20180506190000,0
3428,0,1,9578.9,0.0,0.0,20180506191500,0
3429,0,1,9550.0,0.0,0.0,20180506193000,0
3430,0,1,9535.0,0.0,0.0,20180506194500,0
3433,0,1,9539.0,0.0,0.0,20180506203000,0
3435,1,0,9557.4,4105.740000000023,-11.0,20180506210000,1
3436,0,1,9544.6,4116.540000000023,10.799999999999272,20180506211500,1
3440,1,0,9622.1,4192.040000000023,75.5,20180506221500,1
3441,1,0,9641.1,0.0,0.0,20180506223000,0
3442,1,0,9654.1,0.0,0.0,20180506224500,0
3443,1,0,9651.5,0.0,0.0,20180506230000,0
3444,1,0,9632.3,0.0,0.0,20180506231500,0
3445,1,0,9660.1,0.0,0.0,20180506233000,0
3449,0,1,9621.0,4191.140000000023,-0.8999999999996362,20180507003000,1
3450,0,1,9580.0,0.0,0.0,20180507004500,0
3451,1,0,9482.2,4050.340000000024,-140.79999999999927,20180507010000,1
3452,1,0,9452.0,0.0,0.0,20180507011500,0
3453,1,0,9332.1,0.0,0.0,20180507013000,0
3454,0,1,9340.0,4190.5400000000245,140.20000000000073,20180507014500,1
3455,1,0,9356.9,4205.440000000024,14.899999999999636,20180507020000,1
3456,0,1,9359.0,4201.340000000024,-4.100000000000364,20180507021500,1
3457,0,1,9357.2,0.0,0.0,20180507023000,0
3458,0,1,9295.6,0.0,0.0,20180507024500,0
3459,0,1,9338.7,0.0,0.0,20180507030000,0
3460,0,1,9301.0,0.0,0.0,20180507031500,0
3461,0,1,9264.7,0.0,0.0,20180507033000,0
3462,1,0,9326.8,4167.140000000023,-34.20000000000073,20180507034500,1
3463,1,0,9355.9,0.0,0.0,20180507040000,0
3464,1,0,9378.0,0.0,0.0,20180507041500,0
3466,0,1,9340.3,4151.640000000023,-15.5,20180507044500,1
3467,1,0,9353.8,4163.140000000023,11.5,20180507050000,1
3468,0,1,9312.0,4202.940000000022,39.79999999999927,20180507051500,1
3469,0,1,9320.5,0.0,0.0,20180507053000,0
3470,1,0,9368.4,4257.340000000022,54.399999999999636,20180507054500,1
3471,0,1,9370.2,4253.540000000021,-3.8000000000010914,20180507060000,1
3473,0,1,9365.3,0.0,0.0,20180507063000,0
3474,1,0,9358.58,4239.92000000002,-13.6200000000008,20180507064500,1
3476,0,1,9330.0,4266.50000000002,26.579999999999927,20180507071500,1
3478,0,1,9275.1,0.0,0.0,20180507074500,0
3479,1,0,9325.1,4259.60000000002,-6.899999999999636,20180507080000,1
3480,0,1,9314.1,4268.60000000002,9.0,20180507081500,1
3481,0,1,9325.2,0.0,0.0,20180507083000,0
3482,1,0,9385.5,4338.00000000002,69.39999999999964,20180507084500,1
3483,1,0,9400.72,0.0,0.0,20180507090000,0
3485,1,0,9340.0,0.0,0.0,20180507093000,0
3486,0,1,9306.22,4415.280000000021,77.28000000000065,20180507094500,1
3487,1,0,9281.3,4388.360000000021,-26.920000000000073,20180507100000,1
3488,1,0,9323.1,0.0,0.0,20180507101500,0
3489,0,1,9293.7,4373.960000000019,-14.400000000001455,20180507103000,1
3501,0,1,9295.9,0.0,0.0,20180507133000,0
3503,0,1,9278.8,0.0,0.0,20180507140000,0
3504,0,1,9200.0,0.0,0.0,20180507141500,0
3505,1,0,9289.0,4367.260000000018,-6.700000000000728,20180507143000,1
3506,1,0,9322.6,0.0,0.0,20180507144500,0
3507,0,1,9302.0,4352.260000000018,-15.0,20180507150000,1
3508,1,0,9337.9,4386.160000000018,33.899999999999636,20180507151500,1
3509,1,0,9329.1,0.0,0.0,20180507153000,0
3510,1,0,9347.9,0.0,0.0,20180507154500,0
3516,1,0,9362.8,0.0,0.0,20180507171500,0
3525,1,0,9437.84,0.0,0.0,20180507193000,0
3526,1,0,9445.6,0.0,0.0,20180507194500,0
3529,1,0,9405.25,0.0,0.0,20180507203000,0
3534,0,1,9394.1,4327.960000000017,-58.20000000000073,20180507214500,1
3535,1,0,9391.2,4323.060000000018,-4.899999999999636,20180507220000,1
3536,0,1,9364.9,4347.360000000019,24.30000000000109,20180507221500,1
3537,0,1,9318.0,0.0,0.0,20180507223000,0
3538,0,1,9329.3,0.0,0.0,20180507224500,0
3539,0,1,9310.54,0.0,0.0,20180507230000,0
3540,0,1,9314.9,0.0,0.0,20180507231500,0
3541,0,1,9331.1,0.0,0.0,20180507233000,0
3545,1,0,9401.0,4381.460000000019,34.100000000000364,20180508003000,1
3546,1,0,9374.5,0.0,0.0,20180508004500,0
3548,1,0,9422.1,0.0,0.0,20180508011500,0
3549,1,0,9426.9,0.0,0.0,20180508013000,0
3551,1,0,9415.0,0.0,0.0,20180508020000,0
3552,1,0,9444.5,0.0,0.0,20180508021500,0
3554,1,0,9457.5,0.0,0.0,20180508024500,0
3555,1,0,9434.0,0.0,0.0,20180508030000,0
3564,0,1,9363.5,4416.960000000019,35.5,20180508051500,1
3565,0,1,9369.3,0.0,0.0,20180508053000,0
3566,0,1,9342.8,0.0,0.0,20180508054500,0
3567,0,1,9325.0,0.0,0.0,20180508060000,0
3570,0,1,9324.1,0.0,0.0,20180508064500,0
3571,0,1,9324.8,0.0,0.0,20180508070000,0
3572,0,1,9332.1,0.0,0.0,20180508071500,0
3580,0,1,9332.8,0.0,0.0,20180508091500,0
3581,0,1,9311.4,0.0,0.0,20180508093000,0
3582,0,1,9286.1,0.0,0.0,20180508094500,0
3583,1,0,9300.2,4351.66000000002,-65.29999999999927,20180508100000,1
3584,1,0,9316.68,0.0,0.0,20180508101500,0
3585,0,1,9311.1,4338.76000000002,-12.899999999999636,20180508103000,1
3586,0,1,9298.46,0.0,0.0,20180508104500,0
3587,0,1,9297.1,0.0,0.0,20180508110000,0
3588,0,1,9265.0,0.0,0.0,20180508111500,0
3589,0,1,9215.0,0.0,0.0,20180508113000,0
3590,0,1,9210.6,0.0,0.0,20180508114500,0
3591,0,1,9206.0,0.0,0.0,20180508120000,0
3592,0,1,9111.4,0.0,0.0,20180508121500,0
3593,0,1,9116.7,0.0,0.0,20180508123000,0
3594,0,1,9113.0,0.0,0.0,20180508124500,0
3595,0,1,9129.8,0.0,0.0,20180508130000,0
3596,1,0,9162.6,4188.26000000002,-150.5,20180508131500,1
3597,0,1,9124.5,4224.360000000021,36.100000000000364,20180508133000,1
3598,0,1,9142.7,0.0,0.0,20180508134500,0
3599,1,0,9127.77,4225.630000000021,1.2700000000004366,20180508140000,1
3610,1,0,9144.9,0.0,0.0,20180508164500,0
3615,0,1,9125.0,4226.4000000000215,0.7700000000004366,20180508180000,1
3616,0,1,9085.6,0.0,0.0,20180508181500,0
3617,1,0,9205.3,4304.700000000021,78.29999999999927,20180508183000,1
3618,1,0,9222.5,0.0,0.0,20180508184500,0
3619,0,1,9217.3,4290.700000000021,-14.0,20180508190000,1
3620,1,0,9230.0,4301.4000000000215,10.700000000000728,20180508191500,1
3621,1,0,9228.6,0.0,0.0,20180508193000,0
3623,1,0,9243.9,0.0,0.0,20180508200000,0
3627,0,1,9161.6,4367.800000000021,66.39999999999964,20180508210000,1
3630,1,0,9225.85,4430.050000000021,62.25,20180508214500,1
3631,0,1,9185.5,4468.4000000000215,38.350000000000364,20180508220000,1
3632,1,0,9228.0,4508.9000000000215,40.5,20180508221500,1
3633,1,0,9235.7,0.0,0.0,20180508223000,0
3636,1,0,9248.7,0.0,0.0,20180508231500,0
3639,0,1,9184.8,4550.100000000022,41.20000000000073,20180509000000,1
3640,0,1,9150.7,0.0,0.0,20180509001500,0
3641,1,0,9153.9,4517.200000000023,-32.899999999999636,20180509003000,1
3642,0,1,9164.8,4504.300000000023,-12.899999999999636,20180509004500,1
3643,0,1,9129.9,0.0,0.0,20180509010000,0
3649,0,1,9127.3,0.0,0.0,20180509023000,0
3650,0,1,9109.95,0.0,0.0,20180509024500,0
3651,0,1,9084.1,0.0,0.0,20180509030000,0
3652,0,1,9031.4,0.0,0.0,20180509031500,0
3653,0,1,9042.5,0.0,0.0,20180509033000,0
3654,1,0,9070.2,4407.700000000024,-96.59999999999854,20180509034500,1
3655,0,1,9048.0,4427.900000000025,20.200000000000728,20180509040000,1
3656,0,1,9010.2,0.0,0.0,20180509041500,0
3657,0,1,9020.1,0.0,0.0,20180509043000,0
3659,1,0,9083.4,4461.300000000025,33.399999999999636,20180509050000,1
3660,0,1,9035.0,4507.700000000024,46.399999999999636,20180509051500,1
3661,0,1,9055.0,0.0,0.0,20180509053000,0
3662,1,0,9043.0,4513.700000000024,6.0,20180509054500,1
3671,0,1,9028.04,4526.6600000000235,12.959999999999127,20180509080000,1
3673,1,0,9102.5,4599.120000000023,72.45999999999913,20180509083000,1
3674,1,0,9116.3,0.0,0.0,20180509084500,0
3676,0,1,9096.2,4603.420000000022,4.299999999999272,20180509091500,1
3677,1,0,9114.2,4619.420000000022,16.0,20180509093000,1
3683,1,0,9206.7,0.0,0.0,20180509110000,0
3684,1,0,9226.2,0.0,0.0,20180509111500,0
3685,1,0,9235.4,0.0,0.0,20180509113000,0
3686,1,0,9232.5,0.0,0.0,20180509114500,0
3687,1,0,9247.0,0.0,0.0,20180509120000,0
3688,1,0,9282.2,0.0,0.0,20180509121500,0
3689,1,0,9289.8,0.0,0.0,20180509123000,0
3708,1,0,9351.8,0.0,0.0,20180509171500,0
3714,0,1,9277.0,4454.620000000023,-164.79999999999927,20180509184500,1
3715,0,1,9281.1,0.0,0.0,20180509190000,0
3723,1,0,9258.2,4433.820000000023,-20.799999999999272,20180509210000,1
3724,0,1,9245.2,4444.820000000023,11.0,20180509211500,1
3725,0,1,9240.1,0.0,0.0,20180509213000,0
3729,1,0,9340.1,4537.720000000023,92.89999999999964,20180509223000,1
3732,1,0,9316.3,0.0,0.0,20180509231500,0
3759,0,1,9302.4,4573.420000000024,35.70000000000073,20180510060000,1
3761,0,1,9315.5,0.0,0.0,20180510063000,0
3762,0,1,9280.3,0.0,0.0,20180510064500,0
3763,0,1,9290.4,0.0,0.0,20180510070000,0
3765,0,1,9295.2,0.0,0.0,20180510073000,0
3767,1,0,9364.4,4633.420000000024,60.0,20180510080000,1
3769,1,0,9360.0,0.0,0.0,20180510083000,0
3770,1,0,9349.8,0.0,0.0,20180510084500,0
3789,1,0,9389.9,0.0,0.0,20180510133000,0
3795,0,1,9326.9,4668.920000000024,35.5,20180510150000,1
3804,1,0,9229.2,4569.220000000025,-99.69999999999891,20180510171500,1
3805,1,0,9162.2,0.0,0.0,20180510173000,0
3806,1,0,9126.9,0.0,0.0,20180510174500,0
3807,1,0,9159.6,0.0,0.0,20180510180000,0
3808,0,1,9101.1,4695.320000000025,126.10000000000036,20180510181500,1
3809,0,1,9135.0,0.0,0.0,20180510183000,0
3810,1,0,9154.0,4746.220000000025,50.899999999999636,20180510184500,1
3811,0,1,9130.0,4768.220000000025,22.0,20180510190000,1
3812,0,1,9122.7,0.0,0.0,20180510191500,0
3813,0,1,9118.0,0.0,0.0,20180510193000,0
3815,0,1,9088.0,0.0,0.0,20180510200000,0
3817,0,1,9079.4,0.0,0.0,20180510203000,0
3818,0,1,9084.6,0.0,0.0,20180510204500,0
3825,0,1,9058.5,0.0,0.0,20180510223000,0
3828,0,1,9075.3,0.0,0.0,20180510231500,0
3830,1,0,9009.7,4645.9200000000255,-122.29999999999927,20180510234500,1
3831,0,1,9018.0,4635.620000000026,-10.299999999999272,20180511000000,1
3832,0,1,8911.1,0.0,0.0,20180511001500,0
3833,0,1,8888.0,0.0,0.0,20180511003000,0
3834,1,0,8907.0,4522.620000000026,-113.0,20180511004500,1
3835,1,0,8939.5,0.0,0.0,20180511010000,0
3836,1,0,8940.6,0.0,0.0,20180511011500,0
3837,0,1,8940.4,4487.220000000027,-35.399999999999636,20180511013000,1
3838,0,1,8945.4,0.0,0.0,20180511014500,0
3839,0,1,8920.0,0.0,0.0,20180511020000,0
3843,0,1,8900.0,0.0,0.0,20180511030000,0
3844,1,0,8938.9,4483.720000000027,-3.5,20180511031500,1
3853,1,0,8979.0,0.0,0.0,20180511053000,0
3854,1,0,9002.3,0.0,0.0,20180511054500,0
3855,1,0,9001.1,0.0,0.0,20180511060000,0
3858,0,1,8894.7,4525.9200000000255,42.19999999999891,20180511064500,1
3859,1,0,8820.0,4449.220000000025,-76.70000000000073,20180511070000,1
3860,1,0,8807.7,0.0,0.0,20180511071500,0
3861,0,1,8714.8,4552.4200000000255,103.20000000000073,20180511073000,1
3862,0,1,8721.5,0.0,0.0,20180511074500,0
3863,1,0,8735.4,4571.020000000026,18.600000000000364,20180511080000,1
3865,1,0,8797.96,0.0,0.0,20180511083000,0
3866,0,1,8784.4,4520.020000000026,-51.0,20180511084500,1
3867,0,1,8794.5,0.0,0.0,20180511090000,0
3868,1,0,8770.1,4503.720000000027,-16.299999999999272,20180511091500,1
3869,0,1,8748.37,4523.450000000026,19.729999999999563,20180511093000,1
3870,0,1,8720.9,0.0,0.0,20180511094500,0
3872,0,1,8741.0,0.0,0.0,20180511101500,0
3873,1,0,8771.6,4544.680000000026,21.229999999999563,20180511103000,1
3874,0,1,8735.5,4578.780000000026,34.100000000000364,20180511104500,1
3875,0,1,8730.3,0.0,0.0,20180511110000,0
3876,0,1,8706.1,0.0,0.0,20180511111500,0
3878,0,1,8701.0,0.0,0.0,20180511114500,0
3879,0,1,8625.2,0.0,0.0,20180511120000,0
3880,0,1,8528.0,0.0,0.0,20180511121500,0
3881,1,0,8544.5,4385.780000000026,-193.0,20180511123000,1
3882,1,0,8548.7,0.0,0.0,20180511124500,0
3883,0,1,8545.5,4382.780000000026,-3.0,20180511130000,1
3884,1,0,8585.9,4421.180000000026,38.399999999999636,20180511131500,1
3885,0,1,8571.0,4434.080000000025,12.899999999999636,20180511133000,1
3886,0,1,8559.38,0.0,0.0,20180511134500,0
3887,0,1,8529.8,0.0,0.0,20180511140000,0
3888,0,1,8561.54,0.0,0.0,20180511141500,0
3890,1,0,8617.5,4478.580000000025,44.5,20180511144500,1
3891,1,0,8638.8,0.0,0.0,20180511150000,0
3893,1,0,8622.8,0.0,0.0,20180511153000,0
3894,0,1,8577.0,4517.080000000025,38.5,20180511154500,1
3895,0,1,8577.9,0.0,0.0,20180511160000,0
3896,0,1,8578.3,0.0,0.0,20180511161500,0
3901,0,1,8604.8,0.0,0.0,20180511173000,0
3902,1,0,8616.9,4554.980000000025,37.899999999999636,20180511174500,1
3904,0,1,8585.3,4584.580000000025,29.600000000000364,20180511181500,1
3908,1,0,8660.6,4657.8800000000265,73.30000000000109,20180511191500,1
3909,1,0,8646.8,0.0,0.0,20180511193000,0
3912,0,1,8599.7,4716.780000000026,58.899999999999636,20180511201500,1
3913,0,1,8587.3,0.0,0.0,20180511203000,0
3914,1,0,8412.6,4527.680000000026,-189.10000000000036,20180511204500,1
3915,1,0,8435.8,0.0,0.0,20180511210000,0
3916,0,1,8411.7,4526.580000000025,-1.1000000000003638,20180511211500,1
3917,0,1,8388.0,0.0,0.0,20180511213000,0
3918,0,1,8370.1,0.0,0.0,20180511214500,0
3919,0,1,8384.9,0.0,0.0,20180511220000,0
3920,1,0,8421.1,4533.980000000025,7.399999999999636,20180511221500,1
3922,0,1,8435.3,4517.780000000026,-16.19999999999891,20180511224500,1
3923,0,1,8425.0,0.0,0.0,20180511230000,0
3924,1,0,8471.2,4551.680000000028,33.900000000001455,20180511231500,1
3931,1,0,8460.2,0.0,0.0,20180512010000,0
3932,1,0,8434.0,0.0,0.0,20180512011500,0
3936,0,1,8418.6,4602.280000000028,50.600000000000364,20180512021500,1
3939,0,1,8432.2,0.0,0.0,20180512030000,0
3941,1,0,8423.7,4605.380000000028,3.100000000000364,20180512033000,1
3942,0,1,8407.7,4619.380000000028,14.0,20180512034500,1
3943,0,1,8407.42,0.0,0.0,20180512040000,0
3946,0,1,8390.1,0.0,0.0,20180512044500,0
3947,0,1,8381.6,0.0,0.0,20180512050000,0
3948,0,1,8342.7,0.0,0.0,20180512051500,0
3949,0,1,8350.1,0.0,0.0,20180512053000,0
3950,0,1,8323.8,0.0,0.0,20180512054500,0
3951,0,1,8314.9,0.0,0.0,20180512060000,0
3952,0,1,8250.1,0.0,0.0,20180512061500,0
3953,0,1,8279.1,0.0,0.0,20180512063000,0
3954,1,0,8285.2,4494.880000000028,-124.5,20180512064500,1
3955,0,1,8299.8,4478.28000000003,-16.599999999998545,20180512070000,1
3956,0,1,8271.0,0.0,0.0,20180512071500,0
3957,0,1,8303.7,0.0,0.0,20180512073000,0
3958,1,0,8311.2,4487.680000000031,9.400000000001455,20180512074500,1
3961,1,0,8292.6,0.0,0.0,20180512083000,0
3962,1,0,8315.3,0.0,0.0,20180512084500,0
3963,0,1,8249.8,4547.080000000033,59.400000000001455,20180512090000,1
3964,0,1,8248.4,0.0,0.0,20180512091500,0
3965,0,1,8243.2,0.0,0.0,20180512093000,0
3966,1,0,8303.4,4598.680000000033,51.600000000000364,20180512094500,1
3967,1,0,8506.8,0.0,0.0,20180512100000,0
3969,1,0,8537.3,0.0,0.0,20180512103000,0
3970,1,0,8519.6,0.0,0.0,20180512104500,0
3971,1,0,8573.3,0.0,0.0,20180512110000,0
3974,0,1,8511.9,4388.180000000033,-210.5,20180512114500,1
3975,0,1,8518.7,0.0,0.0,20180512120000,0
3976,1,0,8582.0,4456.280000000033,68.10000000000036,20180512121500,1
3977,1,0,8570.0,0.0,0.0,20180512123000,0
3978,1,0,8566.7,0.0,0.0,20180512124500,0
3979,1,0,8609.9,0.0,0.0,20180512130000,0
3980,1,0,8582.4,0.0,0.0,20180512131500,0
3981,1,0,8594.3,0.0,0.0,20180512133000,0
3982,0,1,8544.9,4491.380000000034,35.100000000000364,20180512134500,1
3983,0,1,8527.0,0.0,0.0,20180512140000,0
3984,0,1,8497.2,0.0,0.0,20180512141500,0
3985,1,0,8507.3,4451.780000000033,-39.600000000000364,20180512143000,1
3986,1,0,8483.9,0.0,0.0,20180512144500,0
3987,0,1,8488.6,4468.480000000032,16.69999999999891,20180512150000,1
3988,0,1,8437.09,0.0,0.0,20180512151500,0
3989,0,1,8350.2,0.0,0.0,20180512153000,0
3990,0,1,8334.0,0.0,0.0,20180512154500,0
3991,0,1,8340.3,0.0,0.0,20180512160000,0
3992,0,1,8350.2,0.0,0.0,20180512161500,0
3993,0,1,8348.1,0.0,0.0,20180512163000,0
3994,0,1,8272.8,0.0,0.0,20180512164500,0
3995,0,1,8315.9,0.0,0.0,20180512170000,0
3996,0,1,8320.3,0.0,0.0,20180512171500,0
3997,0,1,8307.1,0.0,0.0,20180512173000,0
3999,1,0,8375.5,4353.380000000032,-115.10000000000036,20180512180000,1
4002,1,0,8359.9,0.0,0.0,20180512184500,0
4005,1,0,8440.0,0.0,0.0,20180512193000,0
4006,1,0,8425.0,0.0,0.0,20180512194500,0
4007,1,0,8482.1,0.0,0.0,20180512200000,0
4008,1,0,8483.8,0.0,0.0,20180512201500,0
4009,0,1,8444.3,4282.580000000033,-70.79999999999927,20180512203000,1
4010,1,0,8469.9,4306.180000000033,23.600000000000364,20180512204500,1
4011,0,1,8426.5,4347.580000000033,41.399999999999636,20180512210000,1
4012,0,1,8351.2,0.0,0.0,20180512211500,0
4013,1,0,8351.0,4270.080000000033,-77.5,20180512213000,1
4014,1,0,8384.5,0.0,0.0,20180512214500,0
4015,1,0,8404.4,0.0,0.0,20180512220000,0
4016,0,1,8386.3,4232.780000000033,-37.29999999999927,20180512221500,1
4017,1,0,8437.2,4281.680000000035,48.900000000001455,20180512223000,1
4018,1,0,8473.8,0.0,0.0,20180512224500,0
4020,1,0,8527.8,0.0,0.0,20180512231500,0
4021,1,0,8510.8,0.0,0.0,20180512233000,0
4022,0,1,8440.8,4276.080000000036,-5.599999999998545,20180512234500,1
4023,1,0,8471.4,4304.680000000037,28.600000000000364,20180513000000,1
4024,0,1,8474.9,4299.180000000037,-5.5,20180513001500,1
4025,1,0,8487.6,4309.880000000037,10.700000000000728,20180513003000,1
4027,0,1,8414.6,4380.880000000037,71.0,20180513010000,1
4028,1,0,8430.4,4394.680000000037,13.799999999999272,20180513011500,1
4029,1,0,8461.4,0.0,0.0,20180513013000,0
4030,0,1,8437.7,4385.380000000036,-9.300000000001091,20180513014500,1
4031,0,1,8426.4,0.0,0.0,20180513020000,0
4032,0,1,8390.7,0.0,0.0,20180513021500,0
4033,0,1,8382.5,0.0,0.0,20180513023000,0
4035,0,1,8405.2,0.0,0.0,20180513030000,0
4042,0,1,8385.5,0.0,0.0,20180513044500,0
4043,0,1,8327.4,0.0,0.0,20180513050000,0
4044,1,0,8359.4,4305.0800000000345,-80.30000000000109,20180513051500,1
4045,0,1,8370.2,4292.280000000033,-12.800000000001091,20180513053000,1
4046,1,0,8384.0,4304.080000000033,11.799999999999272,20180513054500,1
4050,1,0,8481.9,0.0,0.0,20180513064500,0
4051,0,1,8433.8,4252.280000000033,-51.79999999999927,20180513070000,1
4053,1,0,8445.8,4262.280000000033,10.0,20180513073000,1
4055,1,0,8451.1,0.0,0.0,20180513080000,0
4061,1,0,8574.5,0.0,0.0,20180513093000,0
4062,1,0,8559.8,0.0,0.0,20180513094500,0
4063,1,0,8588.2,0.0,0.0,20180513100000,0
4064,1,0,8562.4,0.0,0.0,20180513101500,0
4065,0,1,8557.3,4148.780000000033,-113.5,20180513103000,1
4067,0,1,8538.1,0.0,0.0,20180513110000,0
4068,1,0,8556.0,4145.480000000034,-3.2999999999992724,20180513111500,1
4069,1,0,8555.3,0.0,0.0,20180513113000,0
4077,0,1,8516.6,4182.880000000034,37.399999999999636,20180513133000,1
4081,1,0,8607.0,4271.280000000033,88.39999999999964,20180513143000,1
4083,1,0,8638.6,0.0,0.0,20180513150000,0
4084,1,0,8600.1,0.0,0.0,20180513151500,0
4088,1,0,8614.6,0.0,0.0,20180513161500,0
4092,1,0,8665.9,0.0,0.0,20180513171500,0
4094,0,1,8606.6,4269.680000000033,-1.6000000000003638,20180513174500,1
4095,0,1,8563.0,0.0,0.0,20180513180000,0
4096,1,0,8580.1,4241.180000000033,-28.5,20180513181500,1
4097,1,0,8615.5,0.0,0.0,20180513183000,0
4098,1,0,8622.2,0.0,0.0,20180513184500,0
4100,0,1,8614.1,4205.180000000033,-36.0,20180513191500,1
4101,0,1,8614.4,0.0,0.0,20180513193000,0
4106,1,0,8715.0,4304.080000000033,98.89999999999964,20180513204500,1
4107,1,0,8713.3,0.0,0.0,20180513210000,0
4108,1,0,8728.2,0.0,0.0,20180513211500,0
4110,0,1,8676.6,4340.480000000032,36.399999999999636,20180513214500,1
4111,0,1,8635.4,0.0,0.0,20180513220000,0
4112,1,0,8699.82,4361.700000000032,21.219999999999345,20180513221500,1
4113,1,0,8726.0,0.0,0.0,20180513223000,0
4114,0,1,8699.9,4359.620000000032,-2.0799999999999272,20180513224500,1
4115,1,0,8742.6,4400.320000000032,40.70000000000073,20180513230000,1
4116,1,0,8711.5,0.0,0.0,20180513231500,0
4117,0,1,8683.2,4457.720000000032,57.399999999999636,20180513233000,1
4118,1,0,8700.9,4473.420000000031,15.699999999998909,20180513234500,1
4119,0,1,8683.5,4488.820000000031,15.399999999999636,20180514000000,1
4120,1,0,8609.6,4412.920000000031,-75.89999999999964,20180514001500,1
4121,1,0,8641.3,0.0,0.0,20180514003000,0
4122,1,0,8685.8,0.0,0.0,20180514004500,0
4123,0,1,8669.4,4351.120000000032,-61.79999999999927,20180514010000,1
4125,1,0,8682.4,4362.120000000032,11.0,20180514013000,1
4129,0,1,8646.5,4396.020000000031,33.899999999999636,20180514023000,1
4130,0,1,8616.5,0.0,0.0,20180514024500,0
4131,1,0,8618.9,4366.420000000031,-29.600000000000364,20180514030000,1
4132,0,1,8515.1,4468.22000000003,101.79999999999927,20180514031500,1
4133,0,1,8463.8,0.0,0.0,20180514033000,0
4134,0,1,8407.8,0.0,0.0,20180514034500,0
4135,0,1,8392.5,0.0,0.0,20180514040000,0
4136,1,0,8422.9,4374.0200000000295,-94.20000000000073,20180514041500,1
4137,0,1,8363.2,4431.720000000028,57.69999999999891,20180514043000,1
4138,0,1,8365.1,0.0,0.0,20180514044500,0
4139,0,1,8373.4,0.0,0.0,20180514050000,0
4140,0,1,8299.0,0.0,0.0,20180514051500,0
4141,0,1,8351.0,0.0,0.0,20180514053000,0
4142,0,1,8365.4,0.0,0.0,20180514054500,0
4143,1,0,8369.9,4436.420000000027,4.699999999998909,20180514060000,1
4144,0,1,8344.1,4460.220000000027,23.799999999999272,20180514061500,1
4145,1,0,8390.0,4504.120000000026,43.899999999999636,20180514063000,1
4146,1,0,8358.7,0.0,0.0,20180514064500,0
4148,1,0,8355.0,0.0,0.0,20180514071500,0
4149,0,1,8326.1,4566.020000000026,61.899999999999636,20180514073000,1
4152,0,1,8347.5,0.0,0.0,20180514081500,0
4154,1,0,8413.7,4651.620000000026,85.60000000000036,20180514084500,1
4155,1,0,8428.0,0.0,0.0,20180514090000,0
4157,1,0,8405.0,0.0,0.0,20180514093000,0
4158,0,1,8366.6,4696.720000000027,45.100000000000364,20180514094500,1
4159,1,0,8394.8,4722.9200000000255,26.19999999999891,20180514100000,1
4160,0,1,8339.9,4775.820000000025,52.899999999999636,20180514101500,1
4162,1,0,8420.2,4854.120000000026,78.30000000000109,20180514104500,1
4163,0,1,8391.6,4880.720000000027,26.600000000000364,20180514110000,1
4165,1,0,8437.5,4924.620000000026,43.899999999999636,20180514113000,1
4166,0,1,8386.2,4973.9200000000255,49.29999999999927,20180514114500,1
4168,1,0,8390.5,4976.220000000025,2.2999999999992724,20180514121500,1
4172,0,1,8377.0,4987.720000000025,11.5,20180514131500,1
4173,0,1,8327.0,0.0,0.0,20180514133000,0
4174,1,0,8369.2,4977.9200000000255,-9.799999999999272,20180514134500,1
4175,0,1,8679.6,4665.520000000026,-312.39999999999964,20180514140000,1
4176,0,1,8746.3,0.0,0.0,20180514141500,0
4177,0,1,8693.7,0.0,0.0,20180514143000,0
4178,1,0,8752.0,4735.9200000000255,70.39999999999964,20180514144500,1
4179,1,0,8739.9,0.0,0.0,20180514150000,0
4180,0,1,8749.2,4736.720000000025,0.7999999999992724,20180514151500,1
4181,1,0,8763.3,4748.820000000023,12.099999999998545,20180514153000,1
4182,1,0,8758.9,0.0,0.0,20180514154500,0
4183,1,0,8778.9,0.0,0.0,20180514160000,0
4184,1,0,8774.2,0.0,0.0,20180514161500,0
4185,1,0,8800.4,0.0,0.0,20180514163000,0
4186,1,0,8774.7,0.0,0.0,20180514164500,0
4189,0,1,8725.0,4785.120000000023,36.29999999999927,20180514173000,1
4190,0,1,8735.0,0.0,0.0,20180514174500,0
4191,0,1,8742.2,0.0,0.0,20180514180000,0
4192,0,1,8737.5,0.0,0.0,20180514181500,0
4202,1,0,8868.7,4926.820000000023,141.70000000000073,20180514204500,1
4203,0,1,8812.4,4981.120000000024,54.30000000000109,20180514210000,1
4204,1,0,8820.0,4986.720000000025,5.600000000000364,20180514211500,1
4205,1,0,8818.0,0.0,0.0,20180514213000,0
4206,1,0,8826.0,0.0,0.0,20180514214500,0
4207,0,1,8730.8,5073.9200000000255,87.20000000000073,20180514220000,1
4208,1,0,8700.5,5041.620000000026,-32.29999999999927,20180514221500,1
4209,1,0,8675.6,0.0,0.0,20180514223000,0
4210,1,0,8655.8,0.0,0.0,20180514224500,0
4211,0,1,8606.0,5134.120000000026,92.5,20180514230000,1
4212,0,1,8647.0,0.0,0.0,20180514231500,0
4213,0,1,8652.1,0.0,0.0,20180514233000,0
4214,1,0,8681.0,5207.120000000026,73.0,20180514234500,1
4216,1,0,8718.5,0.0,0.0,20180515001500,0
4217,1,0,8706.8,0.0,0.0,20180515003000,0
4218,1,0,8724.9,0.0,0.0,20180515004500,0
4219,1,0,8697.5,0.0,0.0,20180515010000,0
4222,0,1,8667.6,5218.520000000026,11.399999999999636,20180515014500,1
4233,1,0,8722.1,5271.020000000026,52.5,20180515043000,1
4240,1,0,8775.4,0.0,0.0,20180515061500,0
4241,1,0,8742.3,0.0,0.0,20180515063000,0
4248,0,1,8689.7,5301.4200000000255,30.399999999999636,20180515081500,1
4249,0,1,8686.1,0.0,0.0,20180515083000,0
4250,0,1,8694.8,0.0,0.0,20180515084500,0
4258,1,0,8810.1,5419.820000000025,118.39999999999964,20180515104500,1
4259,1,0,8784.4,0.0,0.0,20180515110000,0
4261,1,0,8770.9,0.0,0.0,20180515113000,0
4268,0,1,8728.8,5499.120000000026,79.30000000000109,20180515131500,1
4273,0,1,8704.7,0.0,0.0,20180515143000,0
4274,1,0,8537.0,5305.320000000027,-193.79999999999927,20180515144500,1
4275,1,0,8512.0,0.0,0.0,20180515150000,0
4276,1,0,8520.2,0.0,0.0,20180515151500,0
4277,1,0,8536.9,0.0,0.0,20180515153000,0
4279,0,1,8520.7,5319.620000000026,14.299999999999272,20180515160000,1
4280,0,1,8495.2,0.0,0.0,20180515161500,0
4281,1,0,8579.3,5376.220000000025,56.599999999998545,20180515163000,1
4282,0,1,8548.5,5405.020000000024,28.799999999999272,20180515164500,1
4283,0,1,8532.2,0.0,0.0,20180515170000,0
4284,0,1,8549.0,0.0,0.0,20180515171500,0
4285,1,0,8538.4,5392.920000000024,-12.100000000000364,20180515173000,1
4288,0,1,8477.2,5452.120000000023,59.19999999999891,20180515181500,1
4289,0,1,8490.5,0.0,0.0,20180515183000,0
4290,0,1,8472.8,0.0,0.0,20180515184500,0
4292,0,1,8492.0,0.0,0.0,20180515191500,0
4293,0,1,8481.1,0.0,0.0,20180515193000,0
4294,0,1,8470.2,0.0,0.0,20180515194500,0
4295,1,0,8549.9,5522.8200000000215,70.69999999999891,20180515200000,1
4296,0,1,8515.1,5555.620000000021,32.79999999999927,20180515201500,1
4298,1,0,8500.0,5538.52000000002,-17.100000000000364,20180515204500,1
4303,0,1,8476.0,5560.52000000002,22.0,20180515220000,1
4304,0,1,8470.8,0.0,0.0,20180515221500,0
4306,0,1,8470.9,0.0,0.0,20180515224500,0
4307,0,1,8460.0,0.0,0.0,20180515230000,0
4317,1,0,8324.4,5406.92000000002,-153.60000000000036,20180516013000,1
4318,0,1,8323.74,5405.58000000002,-1.3400000000001455,20180516014500,1
4319,1,0,8327.8,5407.640000000019,2.0599999999994907,20180516020000,1
4320,0,1,8308.2,5425.240000000018,17.599999999998545,20180516021500,1
4321,1,0,8134.4,5249.440000000017,-175.8000000000011,20180516023000,1
4322,0,1,8170.5,5211.3400000000165,-38.100000000000364,20180516024500,1
4323,0,1,8124.5,0.0,0.0,20180516030000,0
4324,0,1,8155.3,0.0,0.0,20180516031500,0
4326,0,1,8183.4,0.0,0.0,20180516034500,0
4327,0,1,8152.0,0.0,0.0,20180516040000,0
4328,0,1,8169.5,0.0,0.0,20180516041500,0
4329,1,0,8210.1,5248.940000000017,37.600000000000364,20180516043000,1
4339,1,0,8224.0,0.0,0.0,20180516070000,0
4347,0,1,8194.2,5262.8400000000165,13.899999999999636,20180516090000,1
4352,1,0,8259.0,5325.640000000016,62.79999999999927,20180516101500,1
4353,1,0,8362.3,0.0,0.0,20180516103000,0
4354,1,0,8366.3,0.0,0.0,20180516104500,0
4355,0,1,8358.7,5223.940000000015,-101.70000000000073,20180516110000,1
4356,1,0,8370.1,5233.340000000015,9.399999999999636,20180516111500,1
4357,1,0,8377.9,0.0,0.0,20180516113000,0
4358,1,0,8389.9,0.0,0.0,20180516114500,0
4360,1,0,8374.9,0.0,0.0,20180516121500,0
4361,1,0,8364.4,0.0,0.0,20180516123000,0
4362,1,0,8370.48,0.0,0.0,20180516124500,0
4365,1,0,8202.5,0.0,0.0,20180516133000,0
4366,0,1,8210.0,5391.440000000015,158.10000000000036,20180516134500,1
4367,0,1,8158.1,0.0,0.0,20180516140000,0
4368,0,1,8166.1,0.0,0.0,20180516141500,0
4369,1,0,8189.0,5368.440000000015,-23.0,20180516143000,1
4370,0,1,8188.0,5367.440000000015,-1.0,20180516144500,1
4372,0,1,8220.0,0.0,0.0,20180516151500,0
4373,1,0,8360.9,5538.340000000015,170.89999999999964,20180516153000,1
4374,0,1,8315.2,5582.040000000014,43.69999999999891,20180516154500,1
4376,1,0,8295.1,5559.940000000013,-22.100000000000364,20180516161500,1
4377,1,0,8285.1,0.0,0.0,20180516163000,0
4378,0,1,8227.1,5625.940000000013,66.0,20180516164500,1
4379,1,0,8255.2,5652.040000000014,26.100000000000364,20180516170000,1
4380,0,1,8243.8,5661.440000000015,9.400000000001455,20180516171500,1
4381,1,0,8291.6,5707.240000000016,45.80000000000109,20180516173000,1
4382,0,1,8251.6,5745.240000000016,38.0,20180516174500,1
4383,0,1,8286.4,0.0,0.0,20180516180000,0
4384,1,0,8292.6,5784.240000000016,39.0,20180516181500,1
4391,0,1,8227.3,5847.540000000017,63.30000000000109,20180516200000,1
4392,0,1,8246.2,0.0,0.0,20180516201500,0
4393,0,1,8255.9,0.0,0.0,20180516203000,0
4394,1,0,8289.9,5908.140000000018,60.600000000000364,20180516204500,1
4397,0,1,8274.4,5921.640000000018,13.5,20180516213000,1
4404,1,0,8297.6,5942.840000000018,21.200000000000728,20180516231500,1
4408,1,0,8384.0,0.0,0.0,20180517001500,0
4409,0,1,8320.0,5918.440000000019,-24.399999999999636,20180517003000,1
4410,1,0,8349.9,5946.340000000018,27.899999999999636,20180517004500,1
4411,1,0,8344.7,0.0,0.0,20180517010000,0
4413,1,0,8351.0,0.0,0.0,20180517013000,0
4420,1,0,8412.1,0.0,0.0,20180517031500,0
4423,1,0,8355.1,0.0,0.0,20180517040000,0
4424,0,1,8345.0,5949.240000000018,2.899999999999636,20180517041500,1
4427,0,1,8316.3,0.0,0.0,20180517050000,0
4429,0,1,8341.6,0.0,0.0,20180517053000,0
4439,0,1,8244.6,0.0,0.0,20180517080000,0
4440,0,1,8272.8,0.0,0.0,20180517081500,0
4441,0,1,8258.5,0.0,0.0,20180517083000,0
4442,0,1,8264.0,0.0,0.0,20180517084500,0
4443,0,1,8270.1,0.0,0.0,20180517090000,0
4458,0,1,8264.6,0.0,0.0,20180517124500,0
4459,1,0,8275.1,5877.340000000018,-71.89999999999964,20180517130000,1
4460,0,1,8267.1,5883.340000000018,6.0,20180517131500,1
4466,1,0,8330.6,5944.840000000018,61.5,20180517144500,1
4474,0,1,8241.0,6032.440000000019,87.60000000000036,20180517164500,1
4476,0,1,8247.7,0.0,0.0,20180517171500,0
4477,0,1,8260.7,0.0,0.0,20180517173000,0
4481,0,1,8240.7,0.0,0.0,20180517183000,0
4482,0,1,8160.1,0.0,0.0,20180517184500,0
4483,0,1,8163.3,0.0,0.0,20180517190000,0
4484,1,0,8186.0,5975.440000000019,-57.0,20180517191500,1
4485,0,1,8171.5,5987.940000000019,12.5,20180517193000,1
4486,0,1,8174.0,0.0,0.0,20180517194500,0
4491,1,0,8206.1,6020.540000000019,32.600000000000364,20180517210000,1
4495,0,1,8147.0,6077.640000000019,57.100000000000364,20180517220000,1
4496,1,0,8025.2,5953.840000000019,-123.80000000000018,20180517221500,1
4497,1,0,8060.0,0.0,0.0,20180517223000,0
4498,0,1,8064.0,5913.040000000019,-40.80000000000018,20180517224500,1
4499,1,0,8069.9,5916.940000000019,3.899999999999636,20180517230000,1
4500,0,1,8053.4,5931.440000000019,14.5,20180517231500,1
4501,0,1,8009.5,0.0,0.0,20180517233000,0
4502,0,1,8048.0,0.0,0.0,20180517234500,0
4503,0,1,8054.8,0.0,0.0,20180518000000,0
4504,0,1,8051.6,0.0,0.0,20180518001500,0
4505,0,1,8028.46,0.0,0.0,20180518003000,0
4506,1,0,7953.0,5829.040000000019,-102.39999999999964,20180518004500,1
4507,1,0,7958.0,0.0,0.0,20180518010000,0
4508,0,1,7965.8,5814.240000000019,-14.800000000000182,20180518011500,1
4509,0,1,7969.4,0.0,0.0,20180518013000,0
4510,0,1,7983.6,0.0,0.0,20180518014500,0
4512,0,1,7964.9,0.0,0.0,20180518021500,0
4513,1,0,8020.1,5866.540000000019,52.30000000000018,20180518023000,1
4516,1,0,8008.9,0.0,0.0,20180518031500,0
4517,1,0,8002.5,0.0,0.0,20180518033000,0
4522,1,0,8047.4,0.0,0.0,20180518044500,0
4524,1,0,8026.0,0.0,0.0,20180518051500,0
4525,1,0,8008.7,0.0,0.0,20180518053000,0
4531,0,1,7966.2,5918.44000000002,51.900000000000546,20180518070000,1
4533,1,0,8094.0,6044.24000000002,125.80000000000018,20180518073000,1
4534,1,0,8091.1,0.0,0.0,20180518074500,0
4536,1,0,8105.0,0.0,0.0,20180518081500,0
4537,1,0,8102.1,0.0,0.0,20180518083000,0
4539,1,0,8123.3,0.0,0.0,20180518090000,0
4540,1,0,8121.0,0.0,0.0,20180518091500,0
4541,1,0,8125.5,0.0,0.0,20180518093000,0
4549,0,1,8091.0,6045.24000000002,1.0,20180518113000,1
4552,0,1,8089.9,0.0,0.0,20180518121500,0
4558,0,1,8081.2,0.0,0.0,20180518134500,0
4560,0,1,8075.4,0.0,0.0,20180518141500,0
4561,0,1,8065.8,0.0,0.0,20180518143000,0
4562,0,1,8057.8,0.0,0.0,20180518144500,0
4566,1,0,8115.0,6067.24000000002,22.0,20180518154500,1
4569,1,0,8090.0,0.0,0.0,20180518163000,0
4574,1,0,8108.2,0.0,0.0,20180518174500,0
4576,0,1,8092.8,6087.44000000002,20.199999999999818,20180518181500,1
4579,1,0,8209.1,6201.74000000002,114.30000000000018,20180518190000,1
4580,1,0,8240.4,0.0,0.0,20180518191500,0
4582,1,0,8220.0,0.0,0.0,20180518194500,0
4583,1,0,8225.0,0.0,0.0,20180518200000,0
4584,1,0,8243.9,0.0,0.0,20180518201500,0
4605,0,1,8194.8,6214.040000000021,12.300000000001091,20180519013000,1
4612,1,0,8249.3,6266.540000000021,52.5,20180519031500,1
4613,0,1,8227.6,6286.24000000002,19.69999999999891,20180519033000,1
4614,1,0,8250.9,6307.540000000019,21.299999999999272,20180519034500,1
4615,1,0,8237.5,0.0,0.0,20180519040000,0
4616,1,0,8249.6,0.0,0.0,20180519041500,0
4630,0,1,8180.2,6376.240000000019,68.69999999999982,20180519074500,1
4631,0,1,8171.4,0.0,0.0,20180519080000,0
4632,0,1,8179.1,0.0,0.0,20180519081500,0
4633,0,1,8175.5,0.0,0.0,20180519083000,0
4643,1,0,8238.8,6432.840000000018,56.599999999999454,20180519110000,1
4647,1,0,8382.0,0.0,0.0,20180519120000,0
4648,1,0,8350.0,0.0,0.0,20180519121500,0
4650,1,0,8330.0,0.0,0.0,20180519124500,0
4651,1,0,8345.2,0.0,0.0,20180519130000,0
4655,0,1,8300.7,6368.940000000017,-63.900000000001455,20180519140000,1
4666,0,1,8280.1,0.0,0.0,20180519164500,0
4683,0,1,8254.0,0.0,0.0,20180519210000,0
4684,1,0,8249.1,6315.3400000000165,-53.600000000000364,20180519211500,1
4685,0,1,8239.0,6323.440000000017,8.100000000000364,20180519213000,1
4686,0,1,8218.5,0.0,0.0,20180519214500,0
4687,0,1,8195.2,0.0,0.0,20180519220000,0
4688,0,1,8215.0,0.0,0.0,20180519221500,0
4689,0,1,8211.0,0.0,0.0,20180519223000,0
4690,0,1,8187.0,0.0,0.0,20180519224500,0
4705,1,0,8240.0,6322.440000000017,-1.0,20180520023000,1
4707,1,0,8282.7,0.0,0.0,20180520030000,0
4709,1,0,8280.2,0.0,0.0,20180520033000,0
4717,1,0,8241.7,0.0,0.0,20180520053000,0
4735,1,0,8344.1,0.0,0.0,20180520100000,0
4736,1,0,8350.1,0.0,0.0,20180520101500,0
4737,1,0,8365.0,0.0,0.0,20180520103000,0
4745,0,1,8315.0,6245.440000000017,-77.0,20180520123000,1
4746,0,1,8312.1,0.0,0.0,20180520124500,0
4747,0,1,8303.2,0.0,0.0,20180520130000,0
4760,1,0,8483.0,6411.440000000017,166.0,20180520161500,1
4761,1,0,8484.9,0.0,0.0,20180520163000,0
4762,1,0,8484.9,0.0,0.0,20180520164500,0
4763,1,0,8484.6,0.0,0.0,20180520170000,0
4764,1,0,8480.9,0.0,0.0,20180520171500,0
4765,1,0,8518.3,0.0,0.0,20180520173000,0
4766,1,0,8496.6,0.0,0.0,20180520174500,0
4767,1,0,8517.8,0.0,0.0,20180520180000,0
4773,0,1,8485.6,6406.8400000000165,-4.600000000000364,20180520193000,1
4782,1,0,8549.3,6468.540000000015,61.69999999999891,20180520214500,1
4786,0,1,8498.6,6517.240000000014,48.69999999999891,20180520224500,1
4787,0,1,8492.1,0.0,0.0,20180520230000,0
4794,0,1,8483.4,0.0,0.0,20180521004500,0
4796,0,1,8473.7,0.0,0.0,20180521011500,0
4799,0,1,8460.1,0.0,0.0,20180521020000,0
4804,1,0,8514.9,6531.540000000014,14.299999999999272,20180521031500,1
4819,1,0,8555.1,0.0,0.0,20180521070000,0
4821,1,0,8568.4,0.0,0.0,20180521073000,0
4822,1,0,8531.5,0.0,0.0,20180521074500,0
4824,0,1,8491.8,6552.640000000014,21.100000000000364,20180521081500,1
4826,1,0,8516.8,6575.640000000014,23.0,20180521084500,1
4830,0,1,8489.7,6600.7400000000125,25.099999999998545,20180521094500,1
4831,0,1,8475.6,0.0,0.0,20180521100000,0
4832,0,1,8468.1,0.0,0.0,20180521101500,0
4848,0,1,8462.4,0.0,0.0,20180521141500,0
4849,0,1,8414.95,0.0,0.0,20180521143000,0
4850,1,0,8380.2,6489.2400000000125,-111.5,20180521144500,1
4851,1,0,8409.8,0.0,0.0,20180521150000,0
4852,0,1,8405.8,6461.640000000014,-27.599999999998545,20180521151500,1
4853,0,1,8386.3,0.0,0.0,20180521153000,0
4854,0,1,8391.1,0.0,0.0,20180521154500,0
4855,0,1,8409.7,0.0,0.0,20180521160000,0
4856,0,1,8386.9,0.0,0.0,20180521161500,0
4857,0,1,8380.5,0.0,0.0,20180521163000,0
4864,0,1,8340.1,0.0,0.0,20180521181500,0
4865,1,0,8344.9,6398.740000000014,-62.899999999999636,20180521183000,1
4866,0,1,8353.9,6387.740000000014,-11.0,20180521184500,1
4867,0,1,8343.8,0.0,0.0,20180521190000,0
4891,0,1,8361.8,0.0,0.0,20180522010000,0
4892,0,1,8310.1,0.0,0.0,20180522011500,0
4893,0,1,8305.0,0.0,0.0,20180522013000,0
4894,0,1,8289.0,0.0,0.0,20180522014500,0
4895,0,1,8278.7,0.0,0.0,20180522020000,0
4896,0,1,8285.0,0.0,0.0,20180522021500,0
4897,0,1,8298.8,0.0,0.0,20180522023000,0
4899,0,1,8288.2,0.0,0.0,20180522030000,0
4900,0,1,8293.4,0.0,0.0,20180522031500,0
4923,0,1,8291.0,0.0,0.0,20180522090000,0
4924,0,1,8251.1,0.0,0.0,20180522091500,0
4925,0,1,8255.2,0.0,0.0,20180522093000,0
4926,0,1,8244.4,0.0,0.0,20180522094500,0
4927,0,1,8235.9,0.0,0.0,20180522100000,0
4928,0,1,8242.0,0.0,0.0,20180522101500,0
4933,0,1,8223.85,0.0,0.0,20180522113000,0
4935,0,1,8205.3,0.0,0.0,20180522120000,0
4936,0,1,8169.0,0.0,0.0,20180522121500,0
4937,0,1,8178.9,0.0,0.0,20180522123000,0
4938,0,1,8150.0,0.0,0.0,20180522124500,0
4939,0,1,8170.3,0.0,0.0,20180522130000,0
4943,1,0,8214.0,6245.840000000015,-141.89999999999964,20180522140000,1
4944,1,0,8218.3,0.0,0.0,20180522141500,0
4965,0,1,8180.1,6277.740000000014,31.899999999999636,20180522193000,1
4966,0,1,8176.6,0.0,0.0,20180522194500,0
4968,0,1,8156.8,0.0,0.0,20180522201500,0
4971,0,1,8108.4,0.0,0.0,20180522210000,0
4972,0,1,8084.5,0.0,0.0,20180522211500,0
4973,0,1,8077.5,0.0,0.0,20180522213000,0
4974,0,1,8080.0,0.0,0.0,20180522214500,0
4975,0,1,8069.1,0.0,0.0,20180522220000,0
4976,0,1,8091.5,0.0,0.0,20180522221500,0
4977,0,1,8063.6,0.0,0.0,20180522223000,0
4978,0,1,8004.7,0.0,0.0,20180522224500,0
4979,0,1,7968.8,0.0,0.0,20180522230000,0
4980,1,0,8007.1,6102.740000000014,-175.0,20180522231500,1
4981,0,1,7983.9,6123.940000000015,21.200000000000728,20180522233000,1
4982,1,0,8011.1,6149.140000000016,25.200000000000728,20180522234500,1
4983,0,1,7977.5,6180.740000000016,31.600000000000364,20180523000000,1
4985,1,0,8004.9,6206.140000000016,25.399999999999636,20180523003000,1
4986,0,1,7985.1,6223.940000000015,17.799999999999272,20180523004500,1
4987,0,1,7955.0,0.0,0.0,20180523010000,0
4988,1,0,7872.76,6109.600000000015,-114.34000000000015,20180523011500,1
4989,1,0,7879.6,0.0,0.0,20180523013000,0
4990,1,0,7900.8,0.0,0.0,20180523014500,0
4991,1,0,7898.7,0.0,0.0,20180523020000,0
4992,0,1,7868.8,6111.560000000015,1.9600000000000364,20180523021500,1
4993,0,1,7901.6,0.0,0.0,20180523023000,0
4994,1,0,7905.0,6145.760000000015,34.19999999999982,20180523024500,1
4995,0,1,7896.9,6151.860000000015,6.100000000000364,20180523030000,1
4997,1,0,7943.4,6196.360000000015,44.5,20180523033000,1
4999,1,0,7950.0,0.0,0.0,20180523040000,0
5001,0,1,7889.1,6248.660000000014,52.29999999999927,20180523043000,1
5002,1,0,7906.4,6263.960000000014,15.299999999999272,20180523044500,1
5003,0,1,7890.0,6278.360000000013,14.399999999999636,20180523050000,1
5013,0,1,7879.2,0.0,0.0,20180523073000,0
5014,1,0,7846.7,6233.060000000013,-45.30000000000018,20180523074500,1
5015,1,0,7844.1,0.0,0.0,20180523080000,0
5016,1,0,7857.2,0.0,0.0,20180523081500,0
5017,0,1,7814.7,6263.060000000013,30.0,20180523083000,1
5018,0,1,7812.3,0.0,0.0,20180523084500,0
5020,0,1,7833.7,0.0,0.0,20180523091500,0
5021,0,1,7815.1,0.0,0.0,20180523093000,0
5022,0,1,7846.2,0.0,0.0,20180523094500,0
5024,1,0,7883.2,6329.560000000013,66.5,20180523101500,1
5029,1,0,7838.6,0.0,0.0,20180523113000,0
5034,1,0,7906.6,0.0,0.0,20180523124500,0
5035,1,0,7905.0,0.0,0.0,20180523130000,0
5037,1,0,7900.1,0.0,0.0,20180523133000,0
5038,1,0,7926.9,0.0,0.0,20180523134500,0
5039,0,1,7893.4,6317.360000000013,-12.199999999999818,20180523140000,1
5041,0,1,7863.2,0.0,0.0,20180523143000,0
5042,0,1,7864.7,0.0,0.0,20180523144500,0
5045,0,1,7826.1,0.0,0.0,20180523153000,0
5046,1,0,7734.95,6156.9100000000135,-160.44999999999982,20180523154500,1
5047,1,0,7700.0,0.0,0.0,20180523160000,0
5048,0,1,7594.0,6295.860000000013,138.94999999999982,20180523161500,1
5049,1,0,7625.0,6324.860000000013,29.0,20180523163000,1
5050,1,0,7607.9,0.0,0.0,20180523164500,0
5051,0,1,7605.3,6342.560000000013,17.699999999999818,20180523170000,1
5052,0,1,7600.0,0.0,0.0,20180523171500,0
5053,0,1,7520.8,0.0,0.0,20180523173000,0
5054,0,1,7500.3,0.0,0.0,20180523174500,0
5055,0,1,7507.5,0.0,0.0,20180523180000,0
5056,0,1,7485.1,0.0,0.0,20180523181500,0
5057,1,0,7532.03,6267.290000000013,-75.27000000000044,20180523183000,1
5058,0,1,7528.0,6269.320000000012,2.0299999999997453,20180523184500,1
5059,0,1,7489.2,0.0,0.0,20180523190000,0
5060,0,1,7534.2,0.0,0.0,20180523191500,0
5061,1,0,7519.9,6259.220000000012,-10.100000000000364,20180523193000,1
5062,1,0,7592.7,0.0,0.0,20180523194500,0
5063,1,0,7592.3,0.0,0.0,20180523200000,0
5064,1,0,7624.8,0.0,0.0,20180523201500,0
5066,0,1,7562.2,6214.920000000012,-44.30000000000018,20180523204500,1
5067,1,0,7587.8,6238.520000000012,23.600000000000364,20180523210000,1
5068,1,0,7591.5,0.0,0.0,20180523211500,0
5069,0,1,7567.4,6256.920000000013,18.400000000000546,20180523213000,1
5071,1,0,7639.9,6327.420000000013,70.5,20180523220000,1
5072,0,1,7592.1,6373.220000000012,45.79999999999927,20180523221500,1
5074,1,0,7572.2,6351.3200000000115,-21.900000000000546,20180523224500,1
5075,0,1,7543.5,6378.020000000011,26.699999999999818,20180523230000,1
5076,1,0,7530.1,6362.620000000012,-15.399999999999636,20180523231500,1
5077,0,1,7466.5,6424.220000000012,61.600000000000364,20180523233000,1
5078,1,0,7539.7,6495.420000000012,71.19999999999982,20180523234500,1
5079,0,1,7494.75,6538.370000000012,42.94999999999982,20180524000000,1
5080,1,0,7537.16,6578.780000000012,40.409999999999854,20180524001500,1
5081,1,0,7571.3,0.0,0.0,20180524003000,0
5082,1,0,7564.2,0.0,0.0,20180524004500,0
5083,1,0,7571.8,0.0,0.0,20180524010000,0
5084,1,0,7586.9,0.0,0.0,20180524011500,0
5085,1,0,7615.8,0.0,0.0,20180524013000,0
5087,1,0,7591.0,0.0,0.0,20180524020000,0
5088,1,0,7598.9,0.0,0.0,20180524021500,0
5094,1,0,7619.1,0.0,0.0,20180524034500,0
5096,1,0,7637.1,0.0,0.0,20180524041500,0
5097,1,0,7700.0,0.0,0.0,20180524043000,0
5098,1,0,7689.9,0.0,0.0,20180524044500,0
5099,1,0,7716.3,0.0,0.0,20180524050000,0
5100,1,0,7692.6,0.0,0.0,20180524051500,0
5101,1,0,7698.4,0.0,0.0,20180524053000,0
5105,0,1,7649.0,6464.940000000011,-113.84000000000015,20180524063000,1
5106,0,1,7628.5,0.0,0.0,20180524064500,0
5107,0,1,7639.93,0.0,0.0,20180524070000,0
5109,0,1,7641.0,0.0,0.0,20180524073000,0
5110,0,1,7580.7,0.0,0.0,20180524074500,0
5111,0,1,7549.5,0.0,0.0,20180524080000,0
5112,0,1,7476.4,0.0,0.0,20180524081500,0
5113,0,1,7402.9,0.0,0.0,20180524083000,0
5114,0,1,7393.0,0.0,0.0,20180524084500,0
5115,1,0,7389.4,6203.340000000011,-261.60000000000036,20180524090000,1
5116,0,1,7325.63,6265.110000000011,61.76999999999953,20180524091500,1
5117,0,1,7322.2,0.0,0.0,20180524093000,0
5118,0,1,7354.8,0.0,0.0,20180524094500,0
5119,1,0,7365.5,6302.9800000000105,37.86999999999989,20180524100000,1
5120,1,0,7379.8,0.0,0.0,20180524101500,0
5121,0,1,7327.7,6338.780000000011,35.80000000000018,20180524103000,1
5122,0,1,7339.1,0.0,0.0,20180524104500,0
5124,0,1,7336.75,0.0,0.0,20180524111500,0
5125,1,0,7371.9,6380.9800000000105,42.19999999999982,20180524113000,1
5130,0,1,7323.3,6427.58000000001,46.599999999999454,20180524124500,1
5131,0,1,7494.5,0.0,0.0,20180524130000,0
5132,1,0,7510.3,6612.58000000001,185.0,20180524131500,1
5133,1,0,7512.1,0.0,0.0,20180524133000,0
5134,1,0,7512.1,0.0,0.0,20180524134500,0
5135,1,0,7486.39,0.0,0.0,20180524140000,0
5138,1,0,7520.7,0.0,0.0,20180524144500,0
5139,1,0,7502.1,0.0,0.0,20180524150000,0
5142,1,0,7546.9,0.0,0.0,20180524154500,0
5143,1,0,7558.9,0.0,0.0,20180524160000,0
5144,1,0,7549.7,0.0,0.0,20180524161500,0
5146,0,1,7496.7,6624.18000000001,11.600000000000364,20180524164500,1
5147,0,1,7508.0,0.0,0.0,20180524170000,0
5148,0,1,7511.55,0.0,0.0,20180524171500,0
5149,0,1,7483.4,0.0,0.0,20180524173000,0
5154,1,0,7541.14,6666.620000000011,42.44000000000051,20180524184500,1
5155,1,0,7575.5,0.0,0.0,20180524190000,0
5156,1,0,7576.1,0.0,0.0,20180524191500,0
5158,1,0,7564.0,0.0,0.0,20180524194500,0
5160,0,1,7541.1,6664.660000000011,-1.9600000000000364,20180524201500,1
5161,0,1,7521.8,0.0,0.0,20180524203000,0
5162,0,1,7515.9,0.0,0.0,20180524204500,0
5164,0,1,7513.5,0.0,0.0,20180524211500,0
5165,0,1,7483.1,0.0,0.0,20180524213000,0
5166,0,1,7488.6,0.0,0.0,20180524214500,0
5168,1,0,7543.6,6665.160000000011,0.5,20180524221500,1
5169,1,0,7550.0,0.0,0.0,20180524223000,0
5170,1,0,7582.3,0.0,0.0,20180524224500,0
5171,1,0,7574.7,0.0,0.0,20180524230000,0
5173,1,0,7600.1,0.0,0.0,20180524233000,0
5174,0,1,7542.3,6664.460000000011,-0.6999999999998181,20180524234500,1
5175,1,0,7576.7,6696.860000000011,32.399999999999636,20180525000000,1
5176,0,1,7552.1,6719.46000000001,22.599999999999454,20180525001500,1
5177,1,0,7557.5,6722.86000000001,3.399999999999636,20180525003000,1
5178,0,1,7526.1,6752.260000000009,29.399999999999636,20180525004500,1
5181,0,1,7525.0,0.0,0.0,20180525013000,0
5185,1,0,7586.2,6810.360000000009,58.099999999999454,20180525023000,1
5186,1,0,7606.9,0.0,0.0,20180525024500,0
5187,1,0,7624.1,0.0,0.0,20180525030000,0
5189,1,0,7607.1,0.0,0.0,20180525033000,0
5190,0,1,7566.0,6828.560000000009,18.199999999999818,20180525034500,1
5191,1,0,7592.3,6852.860000000009,24.300000000000182,20180525040000,1
5203,1,0,7487.4,0.0,0.0,20180525070000,0
5204,1,0,7406.6,0.0,0.0,20180525071500,0
5205,1,0,7406.6,0.0,0.0,20180525073000,0
5206,1,0,7410.1,0.0,0.0,20180525074500,0
5207,0,1,7418.1,7025.060000000009,172.19999999999982,20180525080000,1
5208,0,1,7392.6,0.0,0.0,20180525081500,0
5209,0,1,7405.0,0.0,0.0,20180525083000,0
5210,1,0,7432.1,7037.060000000009,12.0,20180525084500,1
5211,1,0,7446.8,0.0,0.0,20180525090000,0
5212,0,1,7409.0,7058.160000000009,21.100000000000364,20180525091500,1
5213,1,0,7431.0,7078.160000000009,20.0,20180525093000,1
5214,1,0,7443.6,0.0,0.0,20180525094500,0
5215,0,1,7399.5,7107.660000000009,29.5,20180525100000,1
5219,0,1,7357.3,0.0,0.0,20180525110000,0
5220,1,0,7360.4,7066.560000000009,-41.100000000000364,20180525111500,1
5221,1,0,7444.8,0.0,0.0,20180525113000,0
5222,1,0,7449.2,0.0,0.0,20180525114500,0
5223,1,0,7453.2,0.0,0.0,20180525120000,0
5224,1,0,7502.5,0.0,0.0,20180525121500,0
5225,1,0,7487.9,0.0,0.0,20180525123000,0
5226,1,0,7507.4,0.0,0.0,20180525124500,0
5227,1,0,7501.4,0.0,0.0,20180525130000,0
5229,1,0,7494.3,0.0,0.0,20180525133000,0
5235,0,1,7460.9,6964.060000000009,-102.5,20180525150000,1
5236,1,0,7455.5,6956.660000000009,-7.399999999999636,20180525151500,1
5242,1,0,7477.4,0.0,0.0,20180525164500,0
5244,0,1,7440.3,6969.860000000009,13.199999999999818,20180525171500,1
5245,0,1,7440.0,0.0,0.0,20180525173000,0
5246,0,1,7431.5,0.0,0.0,20180525174500,0
5247,0,1,7424.1,0.0,0.0,20180525180000,0
5250,0,1,7401.1,0.0,0.0,20180525184500,0
5253,0,1,7393.9,0.0,0.0,20180525193000,0
5265,0,1,7394.0,0.0,0.0,20180525223000,0
5266,0,1,7386.2,0.0,0.0,20180525224500,0
5267,0,1,7386.0,0.0,0.0,20180525230000,0
5268,0,1,7384.8,0.0,0.0,20180525231500,0
5271,1,0,7457.0,6984.560000000009,14.699999999999818,20180526000000,1
5272,1,0,7447.5,0.0,0.0,20180526001500,0
5273,1,0,7447.4,0.0,0.0,20180526003000,0
5274,1,0,7423.2,0.0,0.0,20180526004500,0
5275,1,0,7441.1,0.0,0.0,20180526010000,0
5288,0,1,7399.86,7039.700000000009,55.14000000000033,20180526041500,1
5289,0,1,7400.1,0.0,0.0,20180526043000,0
5291,0,1,7380.0,0.0,0.0,20180526050000,0
5301,1,0,7578.7,7216.540000000009,176.84000000000015,20180526073000,1
5302,1,0,7572.0,0.0,0.0,20180526074500,0
5304,1,0,7547.6,0.0,0.0,20180526081500,0
5305,1,0,7563.4,0.0,0.0,20180526083000,0
5306,0,1,7538.0,7255.240000000009,38.69999999999982,20180526084500,1
5307,0,1,7537.9,0.0,0.0,20180526090000,0
5359,0,1,7462.3,0.0,0.0,20180526220000,0
5360,1,0,7442.5,7157.740000000009,-97.5,20180526221500,1
5361,0,1,7454.8,7143.440000000009,-14.300000000000182,20180526223000,1
5362,0,1,7338.5,0.0,0.0,20180526224500,0
5363,0,1,7312.9,0.0,0.0,20180526230000,0
5364,0,1,7325.4,0.0,0.0,20180526231500,0
5365,0,1,7327.0,0.0,0.0,20180526233000,0
5366,0,1,7312.7,0.0,0.0,20180526234500,0
5367,0,1,7328.3,0.0,0.0,20180527000000,0
5368,0,1,7310.6,0.0,0.0,20180527001500,0
5369,0,1,7229.1,0.0,0.0,20180527003000,0
5370,0,1,7236.7,0.0,0.0,20180527004500,0
5371,0,1,7255.0,0.0,0.0,20180527010000,0
5372,1,0,7266.1,6952.740000000009,-190.69999999999982,20180527011500,1
5373,1,0,7285.1,0.0,0.0,20180527013000,0
5375,0,1,7266.5,6950.340000000009,-2.399999999999636,20180527020000,1
5376,1,0,7303.6,6985.44000000001,35.100000000000364,20180527021500,1
5377,1,0,7303.1,0.0,0.0,20180527023000,0
5381,0,1,7267.9,7019.14000000001,33.70000000000073,20180527033000,1
5390,0,1,7258.0,0.0,0.0,20180527054500,0
5400,1,0,7314.0,7063.240000000011,44.100000000000364,20180527081500,1
5401,1,0,7280.0,0.0,0.0,20180527083000,0
5402,1,0,7291.6,0.0,0.0,20180527084500,0
5403,0,1,7288.0,7087.240000000011,24.0,20180527090000,1
5420,0,1,7292.7,0.0,0.0,20180527131500,0
5441,0,1,7284.0,0.0,0.0,20180527183000,0
5442,1,0,7304.0,7101.240000000011,14.0,20180527184500,1
5443,0,1,7280.3,7122.9400000000105,21.699999999999818,20180527190000,1
5444,0,1,7289.1,0.0,0.0,20180527191500,0
5482,0,1,7340.0,0.0,0.0,20180528044500,0
5483,0,1,7317.6,0.0,0.0,20180528050000,0
5484,0,1,7318.8,0.0,0.0,20180528051500,0
5485,0,1,7296.5,0.0,0.0,20180528053000,0
5486,0,1,7208.4,0.0,0.0,20180528054500,0
5487,0,1,7169.9,0.0,0.0,20180528060000,0
5488,0,1,7164.8,0.0,0.0,20180528061500,0
5489,1,0,7186.1,7026.740000000011,-96.19999999999982,20180528063000,1
5490,0,1,7185.0,7025.840000000011,-0.8999999999996362,20180528064500,1
5491,0,1,7194.0,0.0,0.0,20180528070000,0
5493,0,1,7213.8,0.0,0.0,20180528073000,0
5494,0,1,7200.1,0.0,0.0,20180528074500,0
5495,1,0,7217.0,7055.840000000011,30.0,20180528080000,1
5510,0,1,7188.7,7082.140000000011,26.300000000000182,20180528114500,1
5514,1,0,7253.8,7145.240000000012,63.100000000000364,20180528124500,1
5515,1,0,7276.3,0.0,0.0,20180528130000,0
5516,1,0,7259.0,0.0,0.0,20180528131500,0
5526,0,1,7211.0,7186.040000000012,40.80000000000018,20180528154500,1
5529,0,1,7221.3,0.0,0.0,20180528163000,0
5530,0,1,7200.0,0.0,0.0,20180528164500,0
5531,0,1,7205.0,0.0,0.0,20180528170000,0
5548,1,0,7144.7,7117.740000000012,-68.30000000000018,20180528211500,1
5549,1,0,7156.9,0.0,0.0,20180528213000,0
5550,0,1,7163.9,7096.540000000012,-21.199999999999818,20180528214500,1
5551,0,1,7151.9,0.0,0.0,20180528220000,0
5552,0,1,7120.0,0.0,0.0,20180528221500,0
5553,0,1,7063.6,0.0,0.0,20180528223000,0
5554,0,1,7092.2,0.0,0.0,20180528224500,0
5555,1,0,7131.99,7062.630000000012,-33.909999999999854,20180528230000,1
5556,1,0,7120.0,0.0,0.0,20180528231500,0
5557,0,1,7096.4,7096.220000000012,33.590000000000146,20180528233000,1
5558,0,1,7110.0,0.0,0.0,20180528234500,0
5559,0,1,7097.8,0.0,0.0,20180529000000,0
5566,0,1,7082.6,0.0,0.0,20180529014500,0
5569,0,1,7076.5,0.0,0.0,20180529023000,0
5574,1,0,7118.4,7116.220000000012,20.0,20180529034500,1
5580,0,1,7094.7,7137.920000000012,21.699999999999818,20180529051500,1
5581,0,1,7090.0,0.0,0.0,20180529053000,0
5582,0,1,7078.9,0.0,0.0,20180529054500,0
5584,0,1,7081.6,0.0,0.0,20180529061500,0
5589,1,0,7133.5,7174.720000000012,36.80000000000018,20180529073000,1
5591,1,0,7145.0,0.0,0.0,20180529080000,0
5601,1,0,7144.0,0.0,0.0,20180529103000,0
5603,1,0,7178.9,0.0,0.0,20180529110000,0
5604,1,0,7276.0,0.0,0.0,20180529111500,0
5605,1,0,7403.1,0.0,0.0,20180529113000,0
5606,1,0,7393.9,0.0,0.0,20180529114500,0
5607,1,0,7390.7,0.0,0.0,20180529120000,0
5608,1,0,7420.0,0.0,0.0,20180529121500,0
5609,0,1,7390.0,6916.220000000012,-258.5,20180529123000,1
5610,1,0,7411.2,6935.420000000012,19.199999999999818,20180529124500,1
5611,0,1,7403.7,6940.920000000012,5.5,20180529130000,1
5612,1,0,7429.6,6964.820000000012,23.900000000000546,20180529131500,1
5613,1,0,7448.0,0.0,0.0,20180529133000,0
5615,1,0,7446.7,0.0,0.0,20180529140000,0
5616,1,0,7417.3,0.0,0.0,20180529141500,0
5631,1,0,7505.4,0.0,0.0,20180529180000,0
5632,1,0,7498.1,0.0,0.0,20180529181500,0
5633,1,0,7499.1,0.0,0.0,20180529183000,0
5634,1,0,7480.0,0.0,0.0,20180529184500,0
5637,0,1,7464.1,6928.320000000012,-36.5,20180529193000,1
5649,0,1,7459.0,0.0,0.0,20180529223000,0
5651,0,1,7421.8,0.0,0.0,20180529230000,0
5652,0,1,7443.9,0.0,0.0,20180529231500,0
5654,0,1,7447.6,0.0,0.0,20180529234500,0
5656,1,0,7441.9,6904.120000000012,-24.200000000000728,20180530001500,1
5660,1,0,7510.0,0.0,0.0,20180530011500,0
5661,1,0,7524.8,0.0,0.0,20180530013000,0
5662,1,0,7546.1,0.0,0.0,20180530014500,0
5664,1,0,7515.6,0.0,0.0,20180530021500,0
5666,1,0,7525.9,0.0,0.0,20180530024500,0
5669,0,1,7480.9,6863.120000000012,-41.0,20180530033000,1
5670,0,1,7485.6,0.0,0.0,20180530034500,0
5673,0,1,7473.1,0.0,0.0,20180530043000,0
5682,0,1,7444.2,0.0,0.0,20180530064500,0
5683,1,0,7459.0,6839.220000000012,-23.899999999999636,20180530070000,1
5684,0,1,7471.3,6824.920000000012,-14.300000000000182,20180530071500,1
5685,0,1,7475.4,0.0,0.0,20180530073000,0
5692,0,1,7462.3,0.0,0.0,20180530091500,0
5697,1,0,7504.1,6855.720000000012,30.800000000000182,20180530103000,1
5715,1,0,7386.7,0.0,0.0,20180530150000,0
5716,0,1,7338.9,7018.920000000013,163.20000000000073,20180530151500,1
5717,1,0,7337.3,7015.320000000013,-3.5999999999994543,20180530153000,1
5718,1,0,7350.0,0.0,0.0,20180530154500,0
5719,0,1,7329.9,7020.720000000014,5.400000000000546,20180530160000,1
5720,0,1,7343.3,0.0,0.0,20180530161500,0
5721,0,1,7330.56,0.0,0.0,20180530163000,0
5722,0,1,7290.0,0.0,0.0,20180530164500,0
5723,0,1,7304.0,0.0,0.0,20180530170000,0
5724,0,1,7313.9,0.0,0.0,20180530171500,0
5725,0,1,7310.0,0.0,0.0,20180530173000,0
5738,1,0,7338.9,7027.720000000014,7.0,20180530204500,1
5771,1,0,7489.1,0.0,0.0,20180531050000,0
5772,1,0,7476.7,0.0,0.0,20180531051500,0
5773,1,0,7497.0,0.0,0.0,20180531053000,0
5774,1,0,7492.0,0.0,0.0,20180531054500,0
5775,1,0,7497.9,0.0,0.0,20180531060000,0
5777,1,0,7599.0,0.0,0.0,20180531063000,0
5778,1,0,7581.2,0.0,0.0,20180531064500,0
5779,1,0,7572.98,0.0,0.0,20180531070000,0
5780,1,0,7562.6,0.0,0.0,20180531071500,0
5781,1,0,7566.4,0.0,0.0,20180531073000,0
5782,1,0,7579.9,0.0,0.0,20180531074500,0
5785,0,1,7530.5,6834.1200000000135,-193.60000000000036,20180531083000,1
5786,0,1,7531.3,0.0,0.0,20180531084500,0
5788,0,1,7534.6,0.0,0.0,20180531091500,0
5794,0,1,7522.4,0.0,0.0,20180531104500,0
5804,0,1,7505.0,0.0,0.0,20180531131500,0
5831,0,1,7538.0,0.0,0.0,20180531200000,0
5840,1,0,7441.2,6742.820000000013,-91.30000000000018,20180531221500,1
5841,1,0,7447.1,0.0,0.0,20180531223000,0
5842,0,1,7440.0,6742.020000000013,-0.8000000000001819,20180531224500,1
5843,0,1,7439.9,0.0,0.0,20180531230000,0
5844,1,0,7474.1,6774.1200000000135,32.100000000000364,20180531231500,1
5847,0,1,7485.9,6760.320000000014,-13.799999999999272,20180601000000,1
5848,1,0,7499.9,6772.320000000014,12.0,20180601001500,1
5851,1,0,7505.2,0.0,0.0,20180601010000,0
5874,1,0,7541.7,0.0,0.0,20180601064500,0
5875,1,0,7540.0,0.0,0.0,20180601070000,0
5876,1,0,7580.1,0.0,0.0,20180601071500,0
5877,1,0,7595.9,0.0,0.0,20180601073000,0
5878,1,0,7592.1,0.0,0.0,20180601074500,0
5885,0,1,7550.3,6719.920000000014,-52.400000000000546,20180601093000,1
5886,0,1,7537.7,0.0,0.0,20180601094500,0
5887,0,1,7528.7,0.0,0.0,20180601100000,0
5895,1,0,7345.8,6513.420000000014,-206.5,20180601120000,1
5896,1,0,7394.5,0.0,0.0,20180601121500,0
5897,0,1,7388.5,6468.720000000014,-44.69999999999982,20180601123000,1
5898,1,0,7396.0,6474.220000000014,5.5,20180601124500,1
5899,1,0,7407.0,0.0,0.0,20180601130000,0
5900,0,1,7400.0,6468.220000000014,-6.0,20180601131500,1
5902,0,1,7418.3,0.0,0.0,20180601134500,0
5903,0,1,7417.9,0.0,0.0,20180601140000,0
5923,0,1,7400.4,0.0,0.0,20180601190000,0
5928,1,0,7436.7,6502.920000000014,34.69999999999982,20180601201500,1
5937,1,0,7517.4,0.0,0.0,20180601223000,0
5938,1,0,7508.6,0.0,0.0,20180601224500,0
5939,1,0,7510.5,0.0,0.0,20180601230000,0
5940,1,0,7510.8,0.0,0.0,20180601231500,0
5941,1,0,7531.2,0.0,0.0,20180601233000,0
5945,0,1,7493.4,6444.220000000014,-58.69999999999982,20180602003000,1
5947,0,1,7470.5,0.0,0.0,20180602010000,0
5969,1,0,7491.0,6439.820000000014,-4.399999999999636,20180602063000,1
5971,1,0,7655.4,0.0,0.0,20180602070000,0
5972,1,0,7660.0,0.0,0.0,20180602071500,0
5973,1,0,7652.79,0.0,0.0,20180602073000,0
5974,1,0,7658.9,0.0,0.0,20180602074500,0
5975,1,0,7647.07,0.0,0.0,20180602080000,0
5976,1,0,7662.6,0.0,0.0,20180602081500,0
5977,1,0,7677.1,0.0,0.0,20180602083000,0
6008,0,1,7599.5,6329.320000000014,-110.5,20180602161500,1
6013,1,0,7629.0,6356.820000000014,27.5,20180602173000,1
6022,1,0,7680.4,0.0,0.0,20180602194500,0
6027,0,1,7620.1,6363.720000000014,6.899999999999636,20180602210000,1
6066,1,0,7740.0,6481.6200000000135,117.89999999999964,20180603064500,1
6067,1,0,7723.1,0.0,0.0,20180603070000,0
6069,1,0,7724.5,0.0,0.0,20180603073000,0
6083,0,1,7699.7,6519.920000000014,38.30000000000018,20180603110000,1
6109,0,1,7680.4,0.0,0.0,20180603173000,0
6145,0,1,7687.3,0.0,0.0,20180604023000,0
6159,0,1,7663.7,0.0,0.0,20180604060000,0
6160,0,1,7654.0,0.0,0.0,20180604061500,0
6161,0,1,7649.7,0.0,0.0,20180604063000,0
6162,0,1,7604.49,0.0,0.0,20180604064500,0
6163,0,1,7576.3,0.0,0.0,20180604070000,0
6164,0,1,7595.9,0.0,0.0,20180604071500,0
6165,0,1,7612.4,0.0,0.0,20180604073000,0
6166,0,1,7618.6,0.0,0.0,20180604074500,0
6168,0,1,7586.1,0.0,0.0,20180604081500,0
6180,0,1,7545.9,0.0,0.0,20180604111500,0
6181,1,0,7540.5,6358.720000000014,-161.19999999999982,20180604113000,1
6182,0,1,7527.2,6370.020000000014,11.300000000000182,20180604114500,1
6183,0,1,7514.1,0.0,0.0,20180604120000,0
6184,0,1,7532.0,0.0,0.0,20180604121500,0
6185,0,1,7523.8,0.0,0.0,20180604123000,0
6188,0,1,7519.1,0.0,0.0,20180604131500,0
6191,0,1,7507.0,0.0,0.0,20180604140000,0
6192,0,1,7465.2,0.0,0.0,20180604141500,0
6193,0,1,7484.5,0.0,0.0,20180604143000,0
6194,0,1,7491.03,0.0,0.0,20180604144500,0
6195,0,1,7484.3,0.0,0.0,20180604150000,0
6205,0,1,7458.5,0.0,0.0,20180604173000,0
6228,0,1,7484.7,0.0,0.0,20180604231500,0
6240,0,1,7466.1,0.0,0.0,20180605021500,0
6241,0,1,7422.4,0.0,0.0,20180605023000,0
6242,0,1,7421.8,0.0,0.0,20180605024500,0
6243,0,1,7407.3,0.0,0.0,20180605030000,0
6244,0,1,7419.2,0.0,0.0,20180605031500,0
6245,0,1,7419.3,0.0,0.0,20180605033000,0
6246,0,1,7407.32,0.0,0.0,20180605034500,0
6247,0,1,7412.1,0.0,0.0,20180605040000,0
6249,0,1,7405.1,0.0,0.0,20180605043000,0
6251,0,1,7382.7,0.0,0.0,20180605050000,0
6256,1,0,7441.4,6282.220000000014,-87.80000000000018,20180605061500,1
6262,0,1,7398.0,6323.6200000000135,41.399999999999636,20180605074500,1
6289,1,0,7582.6,6506.220000000014,182.60000000000036,20180605160000,1
6290,1,0,7564.0,0.0,0.0,20180605161500,0
6292,1,0,7559.5,0.0,0.0,20180605164500,0
6293,1,0,7565.9,0.0,0.0,20180605170000,0
6294,1,0,7572.2,0.0,0.0,20180605171500,0
6295,1,0,7591.5,0.0,0.0,20180605173000,0
6296,1,0,7635.34,0.0,0.0,20180605174500,0
6297,1,0,7617.1,0.0,0.0,20180605180000,0
6298,1,0,7626.9,0.0,0.0,20180605181500,0
6299,1,0,7626.0,0.0,0.0,20180605183000,0
6300,1,0,7642.73,0.0,0.0,20180605184500,0
6311,0,1,7592.5,6494.320000000014,-11.899999999999636,20180605213000,1
6313,0,1,7596.2,0.0,0.0,20180605220000,0
6347,1,0,7643.15,6542.970000000014,48.649999999999636,20180606063000,1
6354,0,1,7608.7,6575.420000000014,32.44999999999982,20180606081500,1
6358,0,1,7597.5,0.0,0.0,20180606091500,0
6376,1,0,7639.0,6603.720000000014,28.300000000000182,20180606134500,1
6387,1,0,7563.0,0.0,0.0,20180606163000,0
6388,1,0,7535.6,0.0,0.0,20180606164500,0
6389,1,0,7520.8,0.0,0.0,20180606170000,0
6390,1,0,7527.9,0.0,0.0,20180606171500,0
6391,0,1,7513.7,6727.020000000014,123.30000000000018,20180606173000,1
6392,0,1,7519.6,0.0,0.0,20180606174500,0
6393,0,1,7525.0,0.0,0.0,20180606180000,0
6394,0,1,7507.4,0.0,0.0,20180606181500,0
6395,0,1,7498.1,0.0,0.0,20180606183000,0
6405,1,0,7614.9,6826.220000000014,99.19999999999982,20180606210000,1
6406,1,0,7628.0,0.0,0.0,20180606211500,0
6407,1,0,7684.4,0.0,0.0,20180606213000,0
6408,1,0,7653.6,0.0,0.0,20180606214500,0
6409,1,0,7664.7,0.0,0.0,20180606220000,0
6410,1,0,7677.5,0.0,0.0,20180606221500,0
6421,1,0,7729.99,0.0,0.0,20180607010000,0
6422,1,0,7745.1,0.0,0.0,20180607011500,0
6423,1,0,7737.1,0.0,0.0,20180607013000,0
6424,1,0,7732.3,0.0,0.0,20180607014500,0
6432,0,1,7709.91,6729.210000000014,-97.01000000000022,20180607034500,1
